-,-,-
-3, 13, 989
17, 5, 1030
121, 49, 998
121, 49, 998
209, 39, 1040
356, 22, 1017
518, 14, 1041
665, 35, 996
665, 35, 996
698, -6, 1031
714, -43, 1024
671, -71, 1040
623, -84, 1002
631, -124, 1034
646, -132, 1002
646, -132, 1002
728, -157, 1022
773, -197, 1015
743, -211, 1001
810, -175, 995
712, -16, 984
367, 211, 974
-36, 379, 987
-293, 431, 434
-293, 431, 434
-740, 626, 751
-915, 677, 553
-1269, 722, 680
-1389, 690, 943
-,-,-
5, -3, 1025
33, -7, 1000
133, 64, 1017
325, 58, 1014
325, 58, 1014
425, 54, 1027
611, 35, 1015
721, -3, 1036
585, -11, 976
464, 14, 1047
464, 14, 1047
425, 0, 991
313, 26, 1022
360, -25, 1028
273, -42, 940
273, -42, 940
285, -19, 1031
325, -8, 961
351, -52, 988
244, -86, 1001
214, -128, 885
326, -137, 974
326, -137, 974
369, -105, 981
284, -62, 840
102, -13, 918
88, 22, 879
-153, 104, 959
-153, 104, 959
-283, 178, 909
-197, 221, 902
-508, 316, 1008
-739, 388, 994
-745, 350, 895
-786, 361, 898
-853, 321, 916
-828, 242, 966
-,-,-
151, 43, 1008
151, 43, 1008
273, 14, 1036
420, 7, 1011
634, -37, 1015
648, -49, 1023
576, -27, 993
572, -66, 1038
572, -66, 1038
618, -37, 994
805, -26, 1026
992, -8, 1031
1052, 29, 1026
1062, 44, 1003
900, 20, 923
900, 20, 923
820, 14, 938
800, 31, 952
515, 133, 849
203, 251, 764
203, 251, 764
51, 345, 836
-289, 522, 971
-752, 653, 900
-1101, 695, 883
-1337, 691, 948
-1309, 615, 931
-1171, 596, 923
-,-,-
184, 87, 986
376, 125, 1037
557, 31, 1034
557, 31, 1034
511, -25, 995
461, -48, 1015
463, -79, 1016
491, -45, 1015
606, -26, 1002
622, -44, 1043
572, -42, 1013
572, -42, 1013
452, -41, 1002
469, -16, 1001
589, -6, 981
566, -34, 998
434, -49, 963
346, 19, 928
346, 19, 928
396, 62, 951
434, 66, 812
330, 144, 852
330, 144, 852
230, 191, 908
59, 272, 889
-88, 313, 923
-164, 324, 974
-527, 393, 664
-527, 393, 664
-818, 425, 993
-790, 397, 964
-1056, 447, 948
-1168, 367, 720
-1189, 339, 691
-,-,-
232, 52, 1013
232, 52, 1013
398, 45, 1010
518, -1, 1021
573, -35, 1049
566, -70, 989
388, -17, 1028
356, -3, 1000
356, -3, 1000
420, -23, 1015
540, -79, 1043
741, -176, 995
641, -124, 913
462, -117, 968
217, -143, 992
217, -143, 992
347, -158, 1023
544, -189, 833
551, -151, 630
606, -154, 713
433, -44, 919
126, 41, 292
153, 94, 950
153, 94, 950
-17, 150, 918
-236, 230, 909
-805, 303, 614
-1356, 333, 647
-1436, 451, 993
-1044, 519, 897
-637, 553, 1025
-,-,-
10, -11, 998
23, -2, 1044
73, 3, 1017
73, 3, 1017
102, 29, 1022
177, 20, 1020
206, -25, 1021
247, -13, 1020
328, -25, 1023
328, -25, 1023
381, -61, 1015
416, -68, 1032
357, -46, 1025
418, -88, 1018
406, -97, 1011
389, -100, 1019
417, -95, 1036
360, -36, 1035
360, -36, 1035
372, -27, 1001
323, 15, 1023
253, 60, 976
189, 75, 905
117, 70, 883
117, 70, 883
171, 110, 925
187, 89, 973
169, 59, 984
169, 59, 984
109, 77, 1006
44, 39, 981
-76, 75, 961
-134, 79, 967
-134, 79, 967
-101, -20, 965
-200, 1, 999
-326, 138, 972
-399, 185, 965
-420, 225, 925
-536, 214, 879
-536, 214, 879
-608, 170, 964
-568, 86, 987
-723, 126, 1009
-790, 158, 1015
-,-,-
146, -177, 953
130, -139, 1087
421, -12, 998
377, 119, 1021
392, 117, 1017
446, 3, 1015
501, -73, 1020
501, -73, 1020
457, -20, 1025
453, 80, 1027
495, 39, 1013
505, -43, 1015
509, -161, 1035
485, -147, 1004
480, -145, 1026
441, -126, 1011
441, -126, 1011
369, -59, 982
416, -55, 1001
316, 33, 1033
173, 104, 1008
146, 152, 1007
142, 155, 977
-158, 297, 1008
-158, 297, 1008
-325, 286, 977
-355, 221, 906
-470, 181, 989
-670, 263, 999
-708, 247, 1079
-687, 217, 1027
-591, 276, 1015
-545, 274, 979
-,-,-
100, 33, 1124
100, 33, 1124
180, 99, 988
147, 40, 1023
95, 42, 1030
87, 17, 1028
87, 17, 1028
108, 54, 964
148, -9, 930
132, 36, 966
132, 36, 966
122, 11, 1154
377, 140, 1018
528, 66, 1016
789, 28, 1023
1022, 89, 1019
1200, 140, 1017
1200, 140, 1017
1302, 16, 1026
1346, -190, 1027
1348, -325, 1002
1154, -204, 998
884, -72, 952
495, 126, 962
72, 317, 873
-247, 267, 914
-498, 255, 1015
-498, 255, 1015
-878, 533, 988
-1164, 683, 1000
-1170, 441, 1017
-1143, 392, 1019
-1135, 407, 997
-950, 211, 1010
-912, 46, 1035
-834, 58, 1022
-809, 53, 1095
-546, 22, 978
-,-,-
90, -26, 1238
90, -26, 1238
147, 59, 1042
60, 4, 1030
78, -27, 975
60, 0, 958
60, 0, 958
64, 6, 951
76, 48, 971
76, 48, 971
146, 28, 1130
339, 181, 1020
674, 222, 1026
1067, 289, 1014
1281, 345, 1025
1281, 345, 1025
1425, 318, 1030
1459, 117, 1020
1490, -158, 1014
1408, -273, 983
1279, -286, 984
906, -251, 954
435, -159, 881
-79, -12, 791
-455, 40, 782
-760, 247, 913
-760, 247, 913
-1151, 811, 919
-1557, 1038, 926
-1523, 845, 715
-1561, 807, 1000
-1493, 558, 1005
-1187, 154, 1014
-628, 3, 797
-745, -105, 1000
-756, -162, 1089
-,-,-
-78, 73, 1258
-78, 73, 1258
107, 53, 1105
-19, 127, 1060
-47, 89, 1017
-25, 49, 1036
59, 8, 1016
59, 8, 1016
134, 38, 1013
286, 82, 1020
371, 106, 1022
473, 35, 1011
473, 35, 1011
639, -65, 1037
770, -38, 993
892, 17, 1041
967, 58, 1007
1004, 46, 1036
1003, 89, 1016
1003, 89, 1016
988, 65, 1029
893, 48, 1014
798, 29, 1010
575, 111, 983
282, 205, 970
282, 205, 970
-30, 282, 949
-479, 217, 901
-663, -56, 950
-748, -35, 1005
-1126, 303, 1000
-1348, 408, 1012
-1298, 222, 1006
-1282, 187, 1016
-1272, 247, 1011
-1089, 169, 1029
-905, 85, 1033
-714, 24, 1058
-,-,-
68, 27, 923
68, 27, 923
69, 28, 1022
350, 19, 283
127, 431, 321
127, 431, 321
256, -92, 866
395, -109, 1039
348, -10, 1018
596, 45, 1017
782, 150, 1021
951, 151, 1034
951, 151, 1034
960, 33, 1009
977, -45, 1019
985, -14, 1030
908, 49, 1003
800, 35, 1030
663, -87, 1031
663, -87, 1031
448, -63, 1023
214, 6, 1018
58, -35, 1026
-228, -30, 794
-628, 214, 1018
-740, 364, 930
-1033, 555, 1063
-1426, 859, 844
-1426, 859, 844
-1588, 774, 1059
-1480, 540, 1030
-1299, 336, 1079
-1090, 164, 1057
-,-,-
221, 59, 990
361, 7, 1051
447, 43, 1017
447, 43, 1017
494, 71, 1031
521, 12, 975
583, -20, 955
729, -62, 1042
748, -70, 1006
748, -70, 1006
838, -108, 1020
802, -56, 1002
762, -9, 1027
716, 63, 1023
591, 166, 1045
557, 215, 996
457, 220, 987
457, 220, 987
171, 356, 1012
-40, 265, 989
-206, 205, 1037
-310, 201, 979
-420, 61, 1028
-529, -6, 969
-529, -6, 969
-514, -14, 1069
-833, 177, 1095
-960, 274, 985
-940, 255, 976
-950, 338, 801
-,-,-
70, 10, 1017
108, -14, 1019
149, -54, 1015
153, -64, 1017
186, -18, 1024
328, -9, 1012
328, -9, 1012
489, 41, 1021
527, 137, 1030
695, 200, 1018
845, 212, 1017
882, 229, 1019
838, 257, 1030
838, 257, 1030
831, 170, 1029
812, 41, 981
721, 61, 1008
541, 76, 1019
393, 83, 1016
212, 70, 1017
212, 70, 1017
-89, 18, 867
-333, -80, 999
-467, -55, 1012
-659, 65, 829
-883, 58, 994
-883, 58, 994
-989, 190, 988
-1083, 333, 1005
-1048, 286, 1102
-1037, 375, 1050
-1057, 346, 1007
-914, 170, 1016
-,-,-
75, 13, 1029
75, 13, 1029
72, -22, 1017
50, -5, 1014
136, 27, 1022
305, 83, 1008
305, 83, 1008
519, 70, 1027
712, 104, 1011
851, 159, 1030
863, 112, 1018
982, 43, 1025
1010, 25, 1029
1010, 25, 1029
960, 41, 1017
883, 20, 1024
759, 76, 1015
598, 157, 982
390, 197, 950
88, 215, 989
88, 215, 989
-175, 138, 942
-325, 45, 999
-429, -85, 962
-649, 17, 975
-649, 17, 975
-789, 190, 956
-917, 308, 1025
-1169, 313, 1009
-1351, 301, 1021
-1295, 358, 1005
-,-,-
815, -26, 1030
882, -79, 1004
855, -34, 1032
855, -34, 1032
820, 28, 1018
872, 3, 1034
820, 21, 1016
710, 200, 1031
566, 274, 1008
444, 235, 943
444, 235, 943
258, 91, 986
214, -129, 928
88, -280, 937
-146, -298, 1026
-369, -163, 674
-526, 2, 985
-526, 2, 985
-656, 188, 963
-824, 458, 994
-1026, 636, 902
-1112, 577, 994
-,-,-
416, 67, 1031
524, 48, 1009
573, -38, 1021
669, -163, 1003
669, -163, 1003
780, -158, 1022
797, -95, 1023
783, -14, 1032
790, -28, 1021
800, -27, 1018
621, 66, 1059
356, -50, 750
778, -141, 969
778, -141, 969
144, 454, 1023
74, 430, 1003
-209, 287, 1173
-252, 88, 914
-421, -7, 714
-562, -74, 868
-598, -124, 1021
-636, -82, 1079
-636, -82, 1079
-601, -42, 1074
-423, -63, 960
-511, 125, 905
-760, 170, 1123
-762, 270, 766
-799, 279, 1043
-707, 259, 1022
-723, 205, 1072
-774, 203, 1117
-,-,-
89, 12, 1026
128, -12, 1010
228, 4, 1027
338, 39, 1011
463, 59, 1032
463, 59, 1032
170, -19, 917
486, 1, 1098
746, 29, 1030
754, 90, 1012
791, 147, 1035
791, 147, 1035
814, 188, 1023
786, 204, 1018
635, 238, 1033
575, 134, 991
468, -21, 1025
329, -146, 1036
96, -146, 990
96, -146, 990
-60, -87, 806
-230, -21, 1000
-445, 48, 901
-561, 202, 998
-744, 237, 1009
-693, 79, 1026
-770, 177, 985
-770, 177, 985
-1068, 440, 1007
-,-,-
121, -20, 1017
142, -10, 1029
180, -19, 1014
180, -19, 1014
233, 4, 1018
391, -7, 1015
425, 98, 1013
487, 174, 1033
472, 143, 991
472, 143, 991
576, 14, 1035
681, -74, 1004
620, -10, 1040
646, 133, 1026
635, 123, 1014
639, 50, 1010
639, 50, 1010
588, 38, 1012
379, 102, 1074
346, 99, 910
218, 94, 1014
63, 143, 978
63, 143, 978
-76, 160, 1013
-290, 178, 1009
-472, 103, 825
-443, 26, 1008
-489, 44, 990
-707, 126, 1001
-707, 126, 1001
-764, 106, 996
-705, 128, 1003
-741, 225, 997
-815, 265, 976
-846, 242, 1053
-,-,-
354, 71, 1016
354, 71, 1016
438, 96, 1034
541, 75, 1011
668, -64, 1013
325, -79, 1112
773, 50, 1014
845, 175, 1040
845, 175, 1040
799, 217, 982
930, 242, 1026
917, 174, 1018
850, 73, 1005
762, 48, 1006
612, 93, 968
612, 93, 968
321, 121, 1003
-3, 73, 985
-246, 83, 1018
-551, 122, 964
-725, 19, 978
-725, 19, 978
-890, 62, 944
-1139, 393, 989
-1300, 503, 1059
-1225, 315, 924
-1193, 289, 983
-1178, 274, 1022
-1064, 145, 1061
-,-,-
377, 77, 1009
377, 77, 1009
467, -18, 1023
599, -63, 1001
622, -5, 1032
631, 62, 1023
518, 112, 1021
518, 112, 1021
621, 95, 1011
788, -74, 1011
796, -2, 1019
693, 142, 1033
585, 236, 1006
565, 263, 1004
454, 225, 910
454, 225, 910
347, 179, 954
201, 139, 1013
151, 47, 875
47, -102, 980
-36, -224, 756
-36, -224, 756
-186, -261, 910
-419, -53, 955
-720, 182, 1025
-951, 294, 943
-1172, 373, 1005
-1197, 283, 980
-1168, 259, 983
-983, 447, 891
-1167, 195, 994
-,-,-
-76, 7, 1021
99, -82, 1014
20, -33, 1018
25, -23, 1014
25, -23, 1014
0, -18, 1024
105, 20, 1021
258, 64, 1008
444, 86, 1055
630, 45, 996
630, 45, 996
852, 15, 978
757, 14, 1019
536, -15, 909
536, -15, 856
741, -64, 856
496, -89, 704
870, -95, 961
699, -163, 939
860, -293, 871
763, -277, 858
763, -277, 858
622, -168, 854
249, -17, 800
-193, 175, 732
-416, 373, 919
-919, 634, 856
-1354, 759, 901
-1401, 689, 853
-1472, 647, 906
-1500, 588, 1001
-1077, 393, 1029
-,-,-
251, -20, 1022
428, -48, 982
428, -48, 982
401, -34, 1057
701, -55, 1005
1158, -79, 988
1589, -82, 960
1816, -170, 956
1901, -247, 975
1942, -281, 926
1931, -222, 885
971, 62, 330
971, 62, 330
221, 571, 882
-1330, 1106, 887
-1452, 1200, 685
-1298, 1131, 661
-1868, 1263, 909
-,-,-
68, -27, 1000
68, -27, 1000
345, 42, 1024
547, 23, 1030
723, -5, 992
1064, -76, 999
1064, -76, 999
1531, -148, 1011
1901, -293, 962
1934, -342, 1016
1938, -273, 994
1855, -189, 959
1500, -54, 1033
1092, 149, 941
295, 507, 1045
-691, 826, 804
-1214, 941, 700
-1700, 1112, 919
-1860, 1102, 807
-1815, 1034, 931
-1411, 870, 986
-,-,-
79, 13, 1011
79, 13, 1011
397, 49, 1024
814, 27, 1012
1220, 79, 996
1297, 82, 1015
1297, 82, 1015
1257, 6, 973
1389, -113, 1001
1719, -284, 1008
1849, -345, 970
1553, -334, 960
1218, -254, 1020
897, -117, 925
202, 188, 996
-424, 515, 934
-943, 816, 985
-943, 816, 985
-1310, 1021, 886
-1521, 962, 0
-1587, 982, 674
-1373, 889, 750
-,-,-
0, -39, 1016
8, -23, 1012
301, 39, 1017
681, 22, 1002
787, 48, 1022
787, 48, 1022
943, -23, 1029
1238, -136, 985
1554, -213, 983
1627, -240, 976
1526, -289, 1012
1481, -309, 941
1516, -279, 981
1468, -160, 972
1149, 34, 856
668, 322, 970
668, 322, 970
-333, 763, 1004
-1305, 1140, 973
-1528, 1248, 316
-1640, 1238, 548
-1513, 1134, 905
-,-,-
-5, -46, 1008
-5, -46, 1008
44, -35, 1024
100, -15, 1014
265, -32, 1018
432, -57, 1019
659, -106, 1006
853, -149, 1025
1059, -200, 1013
1319, -251, 1014
1278, -238, 994
1205, -201, 1040
1352, -197, 1002
1360, -116, 969
1360, -116, 969
1186, -63, 615
1039, 53, 709
947, 197, 934
629, 381, 818
-80, 702, 767
-978, 959, 623
-978, 959, 623
-1415, 1035, 888
-1438, 964, 722
-,-,-
35, -39, 1029
136, -32, 1003
391, -8, 1010
626, 4, 1030
626, 4, 1030
1080, 28, 983
1508, -16, 1023
1947, -159, 997
1997, -363, 998
1997, -462, 1010
1997, -357, 1043
1812, -68, 800
985, 335, 977
-535, 1047, 736
-1733, 1577, 740
-1611, 1671, 734
-1358, 1467, 731
-,-,-
123, -17, 1024
46, -39, 999
66, -48, 1015
164, 0, 1020
458, 0, 1016
458, 0, 1016
617, -14, 1020
898, -71, 999
1147, -173, 1038
1301, -245, 975
1133, -225, 953
1028, -239, 931
1279, -256, 958
1210, -218, 1016
941, -144, 721
941, -144, 721
671, -105, 560
701, -45, 830
664, 83, 823
296, 263, 213
-246, 531, 723
-684, 737, 960
-684, 737, 960
-1009, 829, 761
-1359, 907, 923
-1303, 856, 939
-,-,-
236, 0, 1035
633, 12, 989
814, 8, 1024
814, 8, 1024
975, 20, 957
1081, 28, 989
1190, -8, 1007
1258, -60, 986
1375, -78, 1007
1371, -89, 998
1371, -89, 998
1114, -90, 916
952, -82, 932
784, 4, 885
283, 150, 1006
-236, 294, 608
-236, 294, 608
-516, 364, 819
-620, 494, 914
-836, 630, 478
-904, 593, -2
-654, 678, 810
-731, 725, 698
-1012, 642, 985
-1225, 552, 976
-,-,-
15, -17, 1022
29, 1, 1022
29, 1, 1022
21, 12, 1022
30, -13, 1022
109, 56, 1024
109, 56, 1024
287, 96, 1020
409, 121, 1021
596, 54, 1020
780, -58, 1021
658, -124, 962
593, -64, 888
593, -64, 888
976, 0, 1039
971, 90, 1045
824, 225, 979
838, 213, 1032
700, 286, 1018
700, 286, 1018
587, 328, 1027
453, 283, 977
340, 190, 981
75, 211, 1022
-24, 171, 976
-24, 171, 976
-161, 50, 811
-445, -114, 864
-458, -365, 544
-588, -97, 1008
-964, 395, 1010
-1132, 441, 1011
-1215, 290, 1029
-1282, 250, 1015
-,-,-
61, 12, 1022
61, 12, 1022
109, 4, 1026
223, 35, 1013
282, 34, 1024
357, 36, 1027
423, 48, 1022
423, 48, 1022
516, 16, 1016
636, -19, 1020
676, 11, 1023
657, 52, 1016
724, -8, 1006
724, -8, 1006
820, -22, 1013
848, 63, 1029
793, 174, 1029
653, 282, 994
337, 462, 947
337, 462, 947
314, 525, 985
216, 428, 986
82, 261, 985
-72, 96, 998
-72, 96, 998
-261, -9, 577
-361, -15, 972
-608, 2, 956
-847, 150, 990
-1011, 192, 997
-1212, 204, 1019
-1375, 292, 1013
-,-,-
32, 12, 1022
155, 38, 1014
155, 38, 1014
273, 97, 1008
391, 180, 1051
576, 169, 1013
892, 130, 1016
1226, 71, 995
1001, 28, 924
1001, 28, 924
1474, -12, 1013
1100, -100, 803
1547, -72, 1001
1381, -7, 926
1173, -19, 871
968, 19, 755
185, 228, 749
185, 228, 749
-449, 403, 846
-661, 536, 946
-1058, 720, 429
-1613, 790, 804
-1650, 756, 737
-1447, 662, 748
-1207, 594, 976
-1505, 627, 987
-,-,-
8, -31, 1023
40, -40, 1014
235, 21, 1015
418, 94, 1037
565, 66, 997
565, 66, 997
935, 59, 1042
759, 7, 996
1036, 26, 921
1624, 24, 949
1624, 24, 949
1887, -5, 952
1690, 48, 945
1508, 109, 994
1120, 182, 851
825, 335, 860
258, 595, 727
258, 595, 727
-631, 797, 867
-1136, 883, 976
-1170, 823, 535
-1351, 799, 644
-1523, 731, 806
-1220, 643, 908
-1063, 600, 891
-1431, 637, 709
-408, -115, 211
-130, 285, 978
-,-,-
515, -9, 999
664, -22, 1011
664, -32, 1026
664, -32, 1026
734, -36, 921
854, -61, 1004
1151, -107, 918
1158, -94, 975
973, -155, 712
1161, -186, 1027
1194, -183, 951
1047, -111, 911
883, -10, 870
883, -10, 870
958, 86, 779
687, 265, 683
284, 469, 935
-157, 692, 829
-899, 920, 668
-899, 920, 668
-1540, 982, 949
-1684, 882, 907
-1568, 715, 989
-1421, 728, 906
-1484, 726, 990
-,-,-
7, -24, 1021
248, 5, 1008
511, 32, 1025
655, 41, 985
655, 41, 985
743, 22, 1029
857, -41, 1033
1128, -57, 994
1163, -54, 1024
1119, -88, 994
1081, -114, 1024
1207, -169, 996
1215, -169, 953
1039, -80, 971
1039, -80, 971
912, 26, 907
508, 157, 922
253, 325, 788
-95, 539, 952
-480, 629, 939
-480, 629, 939
-772, 647, 628
-1102, 706, 565
-1499, 812, 828
-1756, 800, 932
-1514, 709, 978
-1273, 643, 976
-,-,-
284, 31, 996
413, 40, 1004
492, 17, 1048
492, 17, 1048
751, -64, 982
827, -161, 960
1090, -212, 1023
1246, -196, 950
1262, -133, 951
1242, -77, 1034
1196, -24, 1015
1083, 11, 914
873, 86, 981
873, 86, 981
662, 132, 893
502, 162, 913
198, 287, 847
-280, 399, 843
-280, 399, 843
-694, 513, 790
-864, 622, -1
-1344, 697, 639
-1405, 713, 709
-1274, 555, 636
-989, 527, 1033
-944, 473, 817
-945, 446, 944
-752, 397, 1026
-586, 362, 1033
-,-,-
300, 52, 1016
633, 71, 976
748, 42, 1033
732, 73, 1007
651, 34, 1024
651, 34, 1024
923, 1, 1004
1115, -43, 959
1006, -36, 1019
1014, -46, 1043
883, -44, 1014
690, -53, 944
690, -53, 944
569, -42, 969
640, -59, 930
647, 40, 1018
515, 125, 906
165, 186, 903
165, 186, 903
-201, 258, 830
-638, 387, 739
-1062, 434, 917
-1071, 519, 942
-1060, 556, 988
-1273, 557, 976
-1166, 513, 979
-1181, 512, 1014
-956, 469, 1019
-786, 464, 996
-,-,-
206, 10, 996
206, 10, 996
430, 30, 1031
785, 18, 1025
991, 8, 1018
991, 8, 1018
1320, -40, 1033
1433, -77, 935
1561, -69, 857
1407, -24, 944
1519, -47, 973
1497, 54, 808
777, 195, 622
777, 195, 622
652, 379, 776
364, 591, 853
-391, 800, 650
-1111, 829, 983
-1209, 752, 14
-1515, 703, 712
-1660, 664, 953
-1660, 664, 953
-1465, 653, 958
-1406, 657, 1004
-1297, 560, 927
-1139, 451, 993
-987, 332, 1064
-819, 261, 1004
-,-,-
348, 55, 1028
508, 36, 1009
716, -14, 1006
804, -25, 1031
811, -30, 984
711, -7, 979
711, -7, 979
736, 47, 987
944, 75, 995
1162, 84, 1044
1251, 86, 993
1251, 86, 993
1052, 131, 997
751, 66, 960
716, -15, 935
724, -15, 981
459, 95, 952
459, 95, 952
-132, 228, 817
-772, 360, 733
-1221, 487, 917
-1392, 550, 965
-1434, 526, 993
-,-,-
15, -27, 1082
23, 30, 1007
23, 30, 1007
94, 3, 1020
297, 16, 1020
510, 13, 1018
787, 33, 1016
787, 33, 1016
1079, 48, 1046
1305, 56, 976
1367, 41, 1040
1271, 46, 1006
835, 118, 1022
508, 155, 1020
667, 121, 1021
667, 121, 1021
1247, 10, 981
1076, -33, 1003
704, -12, 1027
522, 60, 1082
81, 217, 988
-429, 314, 951
-429, 314, 951
-1069, 384, 812
-1518, 473, 925
-1618, 432, 966
-1383, 503, 569
-1022, 473, 1153
-,-,-
472, -30, 787
472, -30, 787
427, -53, 662
282, -58, 917
296, -88, 1187
566, -86, 614
1067, 7, 809
1067, 7, 809
1457, -47, 895
1648, -89, 985
1570, -145, 1031
1279, -146, 1022
963, -147, 976
817, -135, 901
615, -16, 1017
615, -16, 1017
267, 148, 1043
-264, 281, 923
-469, 437, 1044
-1020, 593, 828
-1512, 745, 934
-1340, 750, 1016
-1022, 746, 1045
-1319, 794, 1071
-1367, 772, 1018
-,-,-
-13, -23, 1021
-41, 33, 1014
77, 30, 1021
77, 30, 1021
263, 2, 1028
435, 28, 1008
399, 83, 996
399, 83, 996
371, 106, 974
1017, 126, 938
601, 114, 701
1305, 42, 941
983, 4, 812
983, 4, 812
1603, -6, 984
1337, 97, 940
854, 188, 1021
698, 264, 866
698, 264, 866
388, 373, 1030
-431, 474, 997
-786, 544, 953
-1030, 633, 966
-1590, 780, 1001
-1710, 805, 877
-1612, 751, 989
-1409, 663, 963
-1269, 538, 944
-1136, 447, 997
-,-,-
407, 48, 1017
715, 33, 1023
818, 33, 1014
818, 33, 1014
1007, 10, 725
1010, -2, 765
1046, 32, 1034
1024, 15, 867
1030, -24, 834
1030, -24, 834
1159, -80, 1037
1097, -19, 999
907, 26, 970
621, 81, 1029
383, 139, 952
148, 277, 1005
-465, 385, 966
-465, 385, 966
-1104, 436, 1010
-1086, 411, 829
-1047, 438, 992
-1242, 470, 826
-1390, 557, 1046
-912, 522, 977
-692, 507, 1028
-,-,-
324, 33, 1016
410, -6, 1031
485, 35, 1008
473, 67, 1032
788, 67, 1028
1261, 9, 962
1261, 9, 962
1591, -22, 1037
1605, -32, 980
1757, -13, 1026
1676, 3, 890
1400, 69, 628
1400, 69, 628
1125, 229, 664
687, 394, 989
153, 574, 629
-454, 727, 655
-1024, 872, 895
-1506, 864, 678
-1840, 815, 1014
-1777, 693, 671
-1630, 587, 945
-1630, 587, 509
-1252, 511, 509
-1156, 445, 868
-1009, 402, 963
-,-,-
526, -56, 1021
760, -71, 1002
874, -68, 1034
1206, -41, 1005
1206, -41, 1005
1206, -18, 976
1188, 7, 984
816, 28, 453
984, 66, 865
888, 98, 888
888, 98, 888
767, 125, 663
766, 179, 740
752, 202, 675
669, 336, 429
669, 336, 429
299, 525, 587
-736, 741, 736
-1289, 785, 366
-1389, 781, 981
-1667, 796, 746
-1796, 740, 982
-1663, 677, 954
-1221, 626, 1018
-,-,-
260, -4, 1011
643, -51, 1023
643, -51, 1023
983, -73, 1001
1086, -66, 1039
1000, -63, 1009
1038, -85, 1037
1151, -132, 991
1560, -159, 967
1665, -92, 1015
1135, -11, 973
673, 34, 1012
488, 61, 933
488, 61, 933
212, 156, 1020
174, 174, 953
20, 254, 1003
-444, 350, 937
-444, 350, 937
-824, 386, 893
-922, 472, 1009
-782, 528, 983
-1006, 600, 881
-1299, 635, 937
-,-,-
439, -1, 1003
650, -16, 994
816, -50, 1043
1012, -86, 989
1288, -114, 1014
1276, -73, 968
1276, -73, 968
745, 10, 352
442, 6, 268
804, 29, 993
728, 1, 877
728, 1, 877
1075, -11, 756
825, 74, 824
197, 146, 839
-63, 152, 816
-63, 152, 816
-65, 150, 910
-348, 264, 624
-742, 319, 577
-1096, 425, 547
-1376, 534, 452
-1243, 474, 733
-816, 461, 938
-795, 495, 997
-795, 495, 997
-,-,-
0, -12, 1018
142, 47, 1014
339, 23, 1023
508, 36, 1023
508, 36, 1023
669, 61, 1027
880, 76, 995
954, 89, 881
407, -20, 798
445, -138, 381
445, -138, 381
971, -233, 479
1455, -240, 931
1645, -195, 943
1123, -48, 793
616, 97, 869
199, 243, 869
2, 419, 966
2, 419, 966
-106, 573, 941
-501, 767, 31
-1251, 883, 656
-1431, 894, 546
-1571, 868, 788
-1571, 868, 788
-1535, 857, 816
-1568, 824, 952
-1215, 711, 956
-999, 670, 1131
-,-,-
598, 8, 1029
888, -38, 974
994, -79, 1036
1046, -103, 1020
743, -115, 924
384, -142, 555
416, -154, 414
992, -206, 977
992, -206, 977
979, -164, 947
833, -149, 774
833, -63, 956
910, 76, 786
539, 228, 516
539, 228, 516
310, 419, 561
-320, 573, 844
-707, 729, 838
-1106, 879, 961
-1457, 935, 1013
-1411, 918, 1004
-1092, 825, 997
-1131, 797, 978
-611, 165, 715
-564, 684, 1121
-518, 519, 822
-,-,-
513, 15, 1017
473, 25, 1041
473, 25, 1041
510, -33, 1013
520, -77, 978
271, -118, 901
790, -106, 973
1165, -148, 1024
975, -140, 571
1146, -31, 1007
713, 54, 1025
713, 54, 1025
804, 11, 902
1046, 11, 957
966, 94, 836
551, 231, 723
551, 231, 723
25, 390, 991
-567, 434, 921
-756, 449, 860
-1203, 529, 939
-1537, 597, 943
-1529, 617, 996
-1127, 599, 939
-1136, 625, 998
-1136, 625, 998
-1159, 669, 1018
-,-,-
465, 65, 1009
869, 48, 1039
1082, -3, 990
1093, -52, 1040
1178, -104, 1003
1408, -82, 1028
1408, -82, 1028
1294, -47, 918
1196, -78, 792
1091, -87, 987
997, -171, 837
1221, -131, 895
1182, -3, 954
573, 175, 891
-122, 422, 1008
-122, 422, 1008
-671, 622, 1014
-1105, 802, 885
-1481, 904, 932
-1549, 958, 849
-1430, 892, 932
-1397, 840, 999
-1412, 766, 1004
-,-,-
214, 57, 1016
591, 97, 1011
771, 72, 1051
771, 72, 1051
1012, 3, 996
1457, -21, 1004
1448, 28, 965
1207, 51, 939
854, 13, 1007
912, -52, 597
912, -52, 597
1189, -59, 928
821, -20, 937
644, -82, 984
769, -93, 883
440, 14, 582
440, 14, 582
-140, 71, 527
-469, 205, 448
-648, 293, 987
-982, 418, 612
-1414, 634, 1001
-1327, 764, 953
-1327, 764, 978
-1146, 861, 978
-,-,-
579, -38, 1011
924, 64, 1002
924, 64, 1002
969, 81, 937
1104, -23, 1011
1467, -53, 921
1238, 14, 1016
1025, 20, 997
1315, -50, 994
1276, -76, 1015
1276, -76, 1015
1143, -41, 876
766, 1, 1001
369, 59, 917
125, 125, 965
-82, 286, 779
-82, 286, 779
-668, 476, 581
-1078, 564, 982
-1091, 556, 283
-1061, 637, 890
-1275, 719, 937
-,-,-
915, 51, 1002
1108, 27, 1046
1192, 22, 990
1044, 50, 1026
832, -11, 706
950, -123, 927
948, -147, 951
948, -147, 951
856, -47, 931
792, -20, 954
760, -81, 891
691, -5, 701
440, 123, 953
440, 123, 953
180, 234, 417
-290, 378, 648
-781, 516, 897
-1344, 566, 895
-1377, 621, 838
-1239, 593, 868
-1193, 619, 996
-1020, 644, 921
-1020, 644, 921
-894, 692, 960
-,-,-
-21, -15, 1020
25, -17, 1023
59, -10, 1018
150, 48, 1014
347, 76, 1038
617, 82, 975
617, 82, 975
794, 105, 1027
729, 85, 970
591, 108, 914
243, 141, 882
243, 141, 882
87, 137, 781
169, 142, 391
275, 124, 824
801, 94, 920
801, 94, 920
617, -11, 824
542, -79, 886
465, -43, 800
549, 57, 749
549, 57, 749
491, 204, 895
207, 370, 907
-447, 556, 648
-1069, 684, 886
-1265, 762, 742
-1525, 777, 749
-1675, 678, 854
-1703, 600, 878
-1703, 600, 878
-1236, 446, 963
-1152, 480, 1000
-1230, 485, 1021
-,-,-
-7, -7, 1022
98, 73, 1013
324, 71, 1027
324, 71, 1027
610, 47, 1008
829, 71, 1017
881, 79, 1030
504, 93, 858
1045, 127, 951
1045, 127, 951
746, 137, 979
1259, 163, 966
1034, 156, 1009
907, 149, 891
542, 87, 986
351, 118, 965
351, 118, 965
454, 106, 863
468, 141, 871
106, 145, 935
-372, 165, 357
-546, 223, 702
-546, 223, 702
-738, 289, 856
-979, 405, 884
-998, 481, 919
-1224, 495, 883
-1362, 430, 816
-920, 354, 915
-831, 382, 1015
-802, 337, 993
-831, 330, 992
-,-,-
0, -17, 1021
46, 35, 1016
228, 47, 1019
362, 40, 1020
362, 40, 1020
454, 56, 1028
617, 74, 981
812, 116, 957
447, 130, 970
447, 130, 970
295, 129, 862
394, 135, 875
501, 163, 866
957, 150, 923
989, 31, 999
989, 31, 999
952, -73, 869
879, -36, 956
729, 6, 904
597, 51, 881
597, 51, 881
344, 198, 878
-139, 291, 118
-540, 358, 561
-785, 429, 478
-1036, 470, 604
-1036, 470, 296
-1195, 476, 296
-1547, 571, 946
-1459, 496, 793
-1212, 532, 1029
-1018, 553, 586
-,-,-
-38, -45, 1021
68, -42, 1015
160, -10, 1027
401, 14, 1004
627, 32, 1041
733, 74, 981
733, 74, 981
755, 117, 1025
858, 117, 997
461, 80, 956
432, 119, 872
432, 119, 872
503, 86, 539
846, 51, 913
1204, 5, 901
1288, -66, 951
1091, -123, 915
1091, -123, 915
748, -94, 978
433, -10, 796
212, 152, 967
-39, 329, 547
-426, 481, 613
-911, 664, 861
-911, 664, 861
-1218, 710, 887
-1300, 725, 1050
-1425, 635, 1009
-1456, 518, 1041
-,-,-
-4, -12, 1023
106, 21, 1017
418, 9, 1031
662, 10, 1003
662, 10, 1003
745, 59, 1013
876, 45, 979
771, 60, 982
251, 55, 766
251, 55, 766
757, 96, 882
532, 60, 834
1129, 44, 1005
1122, 70, 991
1122, 70, 991
911, 70, 967
703, 5, 897
635, 15, 987
330, 114, 785
330, 114, 785
14, 181, 226
-184, 215, 170
-767, 348, 214
-1234, 406, 823
-1434, 442, 836
-1208, 374, 553
-991, 352, 458
-991, 352, 458
-905, 443, 945
-558, 456, 1039
-539, 497, 997
-,-,-
-20, -15, 1021
-6, -7, 1019
9, 5, 1021
9, 5, 1021
5, -1, 1021
-22, -34, 1021
-2, -48, 1019
-2, -48, 1019
134, -94, 1021
387, -81, 1026
592, -46, 1011
732, 0, 1028
814, 3, 1030
814, 3, 1030
850, -45, 1015
846, -32, 1033
798, 98, 1018
703, 209, 1021
598, 211, 1028
562, 176, 1036
562, 176, 1036
521, 24, 995
488, -73, 1049
372, -57, 983
296, -191, 977
153, -214, 1040
36, -249, 937
36, -249, 937
-97, -203, 978
-330, 32, 991
-648, 444, 1007
-939, 755, 1024
-1040, 751, 961
-960, 574, 987
-803, 389, 981
-652, 213, 999
-652, 213, 999
-,-,-
502, -27, 996
502, -27, 996
728, 42, 1020
986, 140, 992
1128, 96, 1020
1142, 54, 1015
1100, 55, 1017
1100, 55, 1017
1110, 196, 1024
935, 262, 1025
786, 208, 999
582, 196, 1023
350, 128, 982
227, 7, 995
227, 7, 995
1, -71, 990
-183, -83, 885
-415, 74, 950
-528, 286, 630
-528, 286, 630
-699, 139, 997
-692, 231, 917
-798, 233, 1019
-918, 291, 996
-925, 268, 992
-844, 219, 1013
-898, 151, 994
-,-,-
53, 5, 1020
56, 3, 1018
56, 3, 1018
55, 9, 1026
187, 5, 1011
187, 5, 1011
316, 32, 1018
569, 160, 1035
814, 162, 1030
1083, 83, 1001
1144, 72, 1006
1060, 212, 1033
941, 325, 1011
941, 325, 1011
1024, 61, 1030
1030, -66, 1029
867, -79, 971
784, -63, 985
487, -94, 978
444, -369, 1005
224, -303, 835
224, -303, 835
-337, 72, 967
-918, 405, 752
-1003, 413, 920
-1034, 437, 1037
-1400, 672, 955
-1524, 673, 973
-1154, 265, 915
-,-,-
32, -32, 1019
205, 20, 1025
205, 20, 1025
314, 7, 1030
492, 31, 1001
700, 39, 1031
818, 30, 1000
818, 30, 1000
922, -29, 1040
1005, -28, 1016
991, 18, 1018
980, 114, 1010
906, 122, 1038
811, 115, 1016
692, 156, 1025
692, 156, 1025
564, 189, 950
377, 205, 1020
253, 176, 982
95, 102, 826
-115, 48, 954
-115, 48, 954
-298, 74, 966
-434, 72, 907
-590, 48, 863
-687, 30, 949
-853, 212, 922
-853, 212, 914
-922, 461, 914
-922, 603, 949
-968, 604, 924
-,-,-
-16, -29, 1023
-16, -29, 1023
-15, -17, 1020
-16, -8, 1021
-14, -19, 1021
-12, -20, 1020
8, -5, 1021
8, -5, 1021
187, 108, 1020
382, 127, 1025
704, 106, 971
911, 164, 1046
982, 160, 962
696, 126, 927
696, 126, 927
268, -21, 756
1374, -69, 972
1668, -128, 960
1563, -13, 1031
1205, 107, 1015
1018, 144, 900
881, 249, 1014
881, 249, 1014
466, 396, 603
-241, 541, 1018
-706, 537, 664
-1008, 561, 857
-1299, 570, 891
-1520, 556, 965
-1533, 579, 886
-1563, 613, 1016
-1499, 642, 1001
-1286, 576, 1009
-,-,-
69, -4, 1017
182, 8, 1006
330, -5, 1025
423, 71, 1023
637, 138, 1019
637, 138, 1019
947, 93, 1000
1122, 67, 1010
1379, 27, 970
1473, 1, 1035
1469, -7, 997
1275, 74, 997
1275, 74, 997
1277, 164, 986
1071, 226, 956
955, 285, 766
767, 385, 739
188, 538, 716
188, 538, 716
-300, 621, 882
-707, 675, 280
-1030, 710, 613
-1535, 729, 946
-1656, 674, 913
-1574, 605, 903
-1623, 603, 933
-1478, 525, 782
-1247, 453, 593
-,-,-
282, 10, 1046
421, -5, 1009
564, 54, 978
791, 70, 1002
791, 70, 1002
884, 91, 1014
1131, 46, 871
1053, 14, 926
1172, 22, 950
1411, 48, 1006
1411, 48, 1006
1295, 115, 978
1103, 181, 918
1010, 269, 768
670, 376, 833
331, 518, 627
-321, 611, 717
-946, 611, 917
-946, 601, 917
-1202, 557, 460
-1288, 540, 746
-1244, 550, 758
-1057, 542, 790
-1374, 587, 1023
-,-,-
322, 70, 1009
322, 70, 1009
483, 104, 1007
545, 116, 1027
479, 89, 1029
482, -7, 968
734, -90, 904
734, -90, 904
1170, -45, 1002
1443, -17, 1030
1319, 22, 930
1179, 51, 980
1179, 58, 834
1227, 126, 871
1227, 126, 871
1080, 255, 726
612, 426, 737
75, 570, 861
-288, 646, 728
-705, 709, 254
-1311, 695, 693
-1534, 569, 946
-1534, 569, 946
-1576, 456, 875
-1802, 464, 1002
-,-,-
419, -6, 1062
445, 27, 965
445, 27, 965
548, 34, 1033
752, 55, 1011
1325, 22, 1029
1577, -23, 1013
1277, 50, 988
1277, 50, 988
1172, 106, 1021
1201, 155, 1009
1167, 184, 925
1030, 244, 879
994, 348, 767
521, 470, 605
-108, 558, 585
-108, 558, 585
-540, 498, 906
-777, 479, 208
-1154, 467, 420
-1376, 508, 916
-1330, 513, 912
-1223, 543, 883
-1403, 568, 957
-1437, 528, 977
-,-,-
361, 0, 1007
538, -2, 1009
694, 35, 1033
875, 63, 995
1114, 60, 1017
1296, 71, 1023
1296, 71, 1023
1363, 102, 1030
1327, 93, 958
1596, 39, 1002
1625, 128, 992
1362, 313, 987
998, 414, 792
589, 518, 628
589, 518, 628
99, 659, 808
-423, 768, 873
-675, 755, 772
-1089, 767, 808
-1771, 802, 957
-1906, 698, 926
-1710, 606, 1002
-1695, 521, 762
-,-,-
662, 73, 980
797, 69, 971
964, 89, 1060
1070, 73, 990
1070, 73, 990
1135, 13, 1028
1336, 11, 1001
1381, 53, 1003
1245, 121, 960
1139, 134, 965
944, 227, 856
944, 227, 856
553, 335, 939
511, 432, 637
332, 531, 888
-405, 659, 601
-1120, 671, 833
-1336, 566, 953
-1312, 492, 557
-1312, 492, 557
-1435, 535, 967
-1439, 491, 953
-,-,-
1247, 37, 969
1415, 27, 999
1386, 26, 1008
1212, 62, 1032
1212, 62, 1032
1057, 118, 995
996, 198, 1017
1110, 258, 925
668, 383, 874
279, 427, 746
69, 491, 779
69, 491, 779
-471, 561, 775
-1124, 582, 808
-1473, 527, 489
-1568, 512, 522
-1636, 510, 1009
-1312, 493, 1012
-,-,-
628, -37, 989
813, 26, 1006
942, 53, 1010
942, 53, 1010
919, 101, 1040
1061, 107, 998
1014, 92, 1004
1240, 82, 991
1220, 138, 981
1127, 199, 979
1057, 188, 953
1057, 188, 953
960, 221, 988
668, 322, 722
246, 451, 742
-198, 525, 851
-494, 584, 877
-703, 566, 702
-703, 566, 702
-1021, 591, 995
-1328, 559, 755
-1375, 511, 964
-1150, 420, 951
-937, 400, 946
-,-,-
505, 44, 849
769, 45, 1034
895, 49, 1023
1009, 70, 997
1159, 55, 1009
1159, 55, 1009
1068, 82, 1016
1057, 112, 951
1074, 79, 1025
1184, 14, 979
1334, 29, 956
1276, 100, 997
1126, 176, 924
1126, 176, 924
738, 312, 910
-39, 469, 535
-39, 476, 417
-408, 574, 450
-1063, 660, 560
-1565, 542, 916
-1806, 591, 764
-1806, 591, 764
-1788, 559, 972
-1592, 552, 991
-1379, 585, 1128
-,-,-
780, -9, 1012
855, 28, 957
922, 82, 964
907, 53, 1000
907, 53, 1000
1284, -14, 1042
1546, 12, 978
1651, 113, 978
1349, 227, 1009
865, 271, 879
662, 266, 989
565, 336, 822
565, 336, 822
222, 458, 367
-462, 544, 840
-982, 526, 628
-1336, 494, 761
-1482, 446, 775
-1320, 422, 837
-1102, 482, 962
-1103, 575, 1033
-,-,-
1069, 66, 986
1191, 91, 891
1186, 132, 1084
1102, 135, 942
1026, 117, 945
1083, 116, 1013
1083, 116, 1013
1052, 156, 947
1115, 157, 946
798, 209, 818
442, 310, 856
216, 424, 872
120, 452, 485
-325, 437, 524
-325, 437, 524
-742, 446, 724
-870, 517, 126
-965, 569, 511
-1359, 564, 801
-1666, 616, 656
-,-,-
688, 32, 983
688, 32, 983
769, 110, 1000
944, 116, 1028
1238, 107, 985
1124, 160, 986
948, 190, 984
813, 173, 1030
813, 173, 1030
923, 100, 925
1365, 74, 871
1323, 102, 899
844, 151, 911
370, 265, 948
370, 265, 948
51, 355, 888
-525, 454, 294
-1098, 471, 1036
-1305, 487, 648
-1303, 471, 650
-1393, 545, 564
-1258, 515, 1020
-997, 474, 1009
-,-,-
603, 62, 986
603, 62, 986
894, 82, 1022
1064, 94, 1020
1069, 138, 953
1186, 151, 977
1314, 111, 1004
1432, 90, 1001
1350, 127, 998
1350, 127, 998
1036, 234, 978
808, 302, 889
612, 356, 822
346, 425, 279
-14, 488, 641
-846, 585, 717
-846, 585, 717
-1274, 608, 582
-1493, 553, 468
-1463, 483, 896
-1162, 448, 1052
-,-,-
735, 19, 1024
785, 13, 982
820, 35, 1003
765, 57, 991
735, 57, 1001
735, 85, 1001
794, 43, 884
940, 44, 1023
861, 82, 997
828, 94, 920
828, 94, 920
821, 153, 927
797, 175, 802
827, 220, 733
615, 332, 559
615, 332, 559
1, 473, 847
-551, 532, 778
-677, 525, 679
-885, 548, 493
-1420, 565, 874
-1662, 605, 974
-1662, 605, 974
-,-,-
500, 24, 993
639, 57, 987
853, 84, 988
934, 88, 1004
934, 88, 1004
1034, 96, 963
1229, 78, 960
1192, 71, 903
1206, 90, 986
1206, 90, 986
1321, 130, 991
1152, 191, 1012
1036, 190, 941
899, 231, 770
406, 398, 798
45, 489, 819
45, 489, 819
-518, 560, 681
-821, 574, 889
-1213, 586, 236
-1637, 623, 786
-1647, 573, 967
-1248, 579, 851
-,-,-
1030, 13, 1021
989, 1, 1000
984, 78, 1011
989, 90, 997
989, 90, 997
1066, 95, 1003
1157, 106, 1032
1213, 114, 1008
1055, 136, 967
815, 152, 1036
634, 199, 873
634, 199, 873
560, 280, 447
449, 411, 811
211, 558, 863
-440, 685, 612
-1076, 757, 915
-1266, 750, 917
-1660, 690, 1006
-1755, 608, 1021
-,-,-
136, -55, 1026
360, -57, 1009
360, -57, 1009
477, 0, 1076
586, 73, 988
1026, 107, 1001
1493, 108, 1021
1423, 145, 1029
1286, 142, 985
1177, 157, 1009
1106, 152, 971
1106, 152, 971
1037, 149, 992
1127, 163, 944
960, 263, 1007
295, 430, 923
-169, 480, 653
-478, 508, 755
-1119, 564, 904
-1119, 564, 904
-1473, 432, 519
-1267, 299, 814
-1389, 331, 798
-1626, 399, 1074
-,-,-
581, -22, 956
839, -31, 990
739, 34, 1039
784, 77, 997
1002, 95, 984
1002, 95, 984
1080, 112, 973
1006, 111, 965
1048, 86, 918
1166, 102, 926
1050, 150, 877
946, 206, 860
946, 206, 860
777, 293, 897
622, 416, 533
384, 519, 870
-170, 628, 694
-865, 684, 488
-1375, 597, 451
-1375, 597, 451
-1461, 536, 970
-1332, 515, 962
-1367, 557, 870
-,-,-
881, 20, 966
947, 8, 1009
1026, -13, 973
907, -12, 922
962, -17, 1016
962, -17, 1016
994, -26, 906
1049, 49, 882
1134, 147, 900
946, 256, 844
691, 339, 673
691, 339, 673
464, 401, 353
433, 489, 904
-3, 590, 887
-543, 623, 837
-768, 588, 885
-1178, 626, 979
-1178, 626, 979
-1570, 615, 889
-1690, 499, 1021
-,-,-
553, -59, 1035
692, -57, 936
665, 3, 1031
875, -2, 927
875, -2, 927
941, -2, 916
949, 29, 881
973, 55, 848
1075, 59, 882
1075, 59, 882
1211, 81, 969
1170, 140, 1008
962, 176, 923
742, 255, 889
739, 276, 867
739, 276, 867
698, 388, 700
405, 506, 906
93, 606, 924
-224, 694, 296
-936, 740, 188
-936, 740, 188
-1336, 763, 728
-1414, 702, 1010
-1314, 622, 825
-,-,-
439, 51, 1034
757, 36, 966
757, 36, 966
1021, 34, 1003
903, 75, 989
972, 54, 963
1243, 16, 989
1243, 16, 989
1560, 35, 949
1544, 54, 977
1444, 76, 1002
1355, 160, 954
1213, 245, 831
1222, 356, 780
1222, 356, 780
882, 533, 620
279, 759, 824
-620, 941, 887
-1041, 905, 366
-1379, 879, 804
-1842, 875, 1024
-1834, 809, 944
-1776, 877, 1036
-1455, 753, 985
-,-,-
126, -34, 979
498, 31, 1014
731, -20, 1022
731, -20, 1022
855, 23, 1047
1136, 28, 971
1463, 29, 1010
1589, 50, 994
1535, 107, 937
1397, 146, 986
1274, 180, 942
1274, 180, 942
1387, 180, 932
1144, 293, 753
883, 458, 834
623, 597, 345
-147, 802, 872
-746, 888, 867
-746, 888, 867
-1069, 895, 988
-1329, 862, 934
-1519, 822, 1018
-1529, 760, 980
-,-,-
1278, 37, 1015
1562, -23, 971
1334, 59, 956
1334, 59, 956
1225, 97, 986
1367, 124, 920
1637, 165, 988
1626, 241, 1017
1618, 343, 984
1428, 473, 885
1428, 473, 885
1046, 622, 859
778, 731, 781
548, 828, 917
-333, 1047, 955
-1150, 1146, 939
-1636, 1130, 928
-1887, 1053, 928
-1956, 871, 935
-1927, 770, 748
-,-,-
1013, 50, 1016
903, 99, 940
1084, 133, 1027
1385, 107, 997
1307, 140, 896
1479, 211, 975
1489, 221, 997
1546, 222, 953
1546, 222, 953
1624, 324, 987
1310, 512, 927
862, 639, 448
139, 805, 722
-444, 840, 609
-1258, 924, 579
-1827, 939, 1030
-1959, 866, 895
-1888, 849, 990
-,-,-
655, -44, 985
880, -34, 997
831, -49, 1021
1061, -45, 1006
1201, 66, 1001
1066, 187, 1020
1167, 210, 1015
1508, 220, 966
1508, 220, 966
1610, 251, 922
1117, 402, 923
1138, 621, 791
744, 794, 780
120, 868, 801
-631, 907, 823
-867, 863, 89
-867, 863, 89
-1511, 879, 907
-1945, 845, 909
-1939, 720, 1035
-1993, 686, 1005
-,-,-
504, 11, 1033
724, -11, 1000
724, -11, 1000
726, -7, 1017
628, -1, 1048
767, -8, 931
822, 14, 954
904, 59, 963
904, 59, 963
1079, 69, 925
1359, 102, 1010
1311, 197, 890
1006, 269, 859
717, 334, 836
717, 334, 836
967, 502, 481
618, 645, 902
-13, 742, 826
-900, 782, 577
-1533, 781, 714
-1584, 653, 818
-1645, 569, 1063
-1798, 547, 949
-1798, 547, 949
-,-,-
197, 18, 992
423, 75, 1003
684, 40, 1054
684, 40, 1054
822, 80, 1011
801, 102, 1000
983, 122, 989
1175, 70, 983
1435, 51, 967
1421, 72, 997
1421, 72, 997
1292, 130, 948
1224, 169, 962
1126, 217, 932
1161, 265, 835
1073, 386, 719
530, 525, 646
530, 525, 646
-19, 648, 555
-808, 818, 820
-1457, 851, 867
-1602, 762, 1027
-1718, 674, 1004
-1880, 671, 975
-,-,-
566, 19, 985
566, 19, 985
839, 4, 1027
1122, 0, 1026
1219, 49, 940
967, 155, 1018
967, 155, 1018
972, 200, 947
874, 214, 924
1288, 209, 981
1278, 171, 960
1330, 86, 876
1409, 80, 931
1409, 80, 931
1109, 219, 877
707, 364, 285
96, 518, 729
-507, 672, 457
-1130, 824, 596
-1540, 858, 1013
-1740, 834, 942
-1864, 812, 959
-1864, 812, 959
-,-,-
560, -45, 71
560, -45, 71
713, -25, 532
736, -37, 1008
757, -8, 973
884, -1, 1014
1074, -11, 979
1074, -11, 979
1317, 29, 934
1452, 45, 1039
1412, 119, 1001
1332, 258, 849
1155, 435, 967
909, 566, 843
530, 685, 734
530, 685, 734
254, 825, 910
-516, 955, 914
-1404, 929, 809
-1840, 889, 1019
-1964, 740, 968
-1936, 656, 1082
-,-,-
900, -147, 935
1171, -124, 1003
1433, -122, 1037
1640, -33, 935
1640, -33, 935
1831, 87, 981
1705, 250, 871
1369, 496, 976
940, 702, 950
758, 777, 897
529, 834, 953
529, 834, 953
-211, 979, 994
-929, 1080, 24
-1607, 1031, 801
-1903, 911, 822
-,-,-
562, -33, 950
562, -33, 950
701, -42, 1035
912, -43, 1039
1067, -7, 993
1444, 13, 1034
1794, 12, 963
1801, 79, 1024
1801, 79, 1024
1622, 218, 1012
1376, 332, 847
1102, 468, 846
772, 649, 643
332, 807, 531
-443, 931, 725
-848, 855, 677
-848, 855, 677
-1485, 803, 909
-1703, 688, 933
-1884, 637, 942
-,-,-
418, 9, 1047
665, 53, 983
665, 53, 983
839, 113, 1052
684, 210, 998
748, 172, 933
1571, -51, 930
1958, -72, 958
1958, -72, 932
1853, 53, 932
1667, 197, 878
994, 345, 858
667, 466, 868
620, 532, 611
208, 734, 713
208, 734, 713
-629, 853, 677
-1245, 842, 617
-1450, 671, 919
-1395, 577, 408
-1754, 581, 953
-1858, 642, 941
-,-,-
772, -43, 1014
931, 34, 983
1280, 88, 993
1643, 169, 1000
1793, 253, 1026
1769, 349, 1006
1769, 349, 1006
1415, 483, 886
1113, 467, 743
987, 501, 717
679, 565, 636
-107, 706, 216
-1020, 852, 781
-1339, 887, 118
-1637, 810, 421
-1751, 811, 1057
-,-,-
1140, 36, 984
1677, 49, 1009
1677, 49, 1009
1969, 114, 1013
1961, 240, 1010
1948, 333, 1041
1800, 443, 942
1482, 511, 979
888, 611, 783
76, 785, 745
-1061, 965, 942
-1061, 965, 942
-1330, 919, 796
-1620, 913, 592
-1838, 831, 547
-,-,-
1073, 7, 999
1441, 51, 993
1735, 62, 938
1717, 98, 1003
1717, 98, 1003
1761, 146, 976
1501, 262, 1027
1193, 369, 964
1003, 486, 918
474, 560, 681
-153, 659, 764
-359, 666, 736
-359, 666, 869
-571, 704, 869
-1436, 846, 560
-1811, 865, 842
-1686, 729, 1068
-,-,-
625, -66, 963
824, -39, 1049
917, -25, 1008
1022, -23, 1021
971, 7, 970
971, 7, 970
1360, 32, 973
1311, 91, 1035
1220, 176, 1009
956, 300, 869
586, 464, 987
586, 464, 987
429, 544, 937
515, 543, 782
324, 562, 940
-100, 598, 736
-403, 630, 783
-403, 630, 783
-1148, 657, 990
-1797, 637, 1014
-,-,-
55, -1, 1005
113, -16, 1020
327, -29, 1018
612, -44, 1037
878, -32, 992
1321, -1, 1008
1321, -1, 1008
1637, -10, 1049
1580, 82, 1019
1409, 169, 1013
1342, 213, 982
1329, 262, 1032
1256, 317, 830
1221, 346, 838
1033, 413, 722
559, 574, 140
559, 574, 140
-396, 768, 836
-1049, 768, 863
-1563, 734, 1025
-1707, 694, 987
-1628, 663, 954
-1575, 724, 1019
-,-,-
500, -2, 976
756, 58, 1064
1306, 8, 981
1306, 8, 981
1547, -16, 1041
1362, 30, 971
1267, 69, 1036
1401, 51, 1048
1461, 100, 954
1282, 256, 893
1282, 256, 893
1072, 394, 924
784, 545, 676
620, 641, 752
275, 804, 686
-518, 919, 912
-1081, 985, 398
-1081, 985, 398
-1452, 972, 550
-1784, 848, 535
-,-,-
739, -4, 1029
739, -4, 1029
894, 62, 1026
937, 128, 1004
848, 164, 1039
935, 233, 1025
1072, 225, 1002
1379, 217, 1017
1349, 241, 965
1349, 241, 965
1122, 216, 957
1206, 196, 859
982, 229, 974
572, 376, 381
-75, 517, 768
-593, 633, 666
-593, 633, 666
-824, 707, 939
-1370, 745, 814
-1758, 724, 978
-,-,-
866, -38, 992
978, 0, 1024
1031, -27, 1007
1006, -61, 1030
1062, -101, 996
1062, -101, 996
1204, -102, 1016
1162, -41, 1051
1117, 53, 963
1133, 154, 1055
1147, 225, 1037
629, 409, 757
381, 491, 600
8, 674, 1010
8, 674, 1010
-349, 784, 923
-785, 841, 792
-1337, 798, 1004
-1776, 715, 1051
-,-,-
926, -40, 1029
1253, -26, 988
1253, -26, 988
1501, -32, 1037
1588, 3, 1020
1500, 78, 1009
1273, 109, 1003
1222, 101, 821
1009, 190, 848
883, 245, 831
753, 343, 272
753, 343, 272
407, 517, 731
-107, 709, 889
-693, 868, 873
-1444, 938, 918
-1784, 904, 1007
-1818, 797, 916
-1878, 816, 1040
-,-,-
960, -75, 946
1145, -68, 1010
1234, -79, 1030
1154, -31, 1012
1154, -31, 1012
1223, 13, 1001
1311, 61, 1021
1237, 115, 985
1060, 173, 993
854, 290, 920
201, 476, 740
199, 477, 395
199, 477, 395
-56, 570, 973
-445, 616, 1000
-681, 598, 713
-1148, 625, 899
-1669, 609, 995
-1596, 579, 1015
-,-,-
1029, -16, 999
1029, -16, 999
983, 27, 981
855, 30, 1051
963, 47, 1016
1146, 25, 1001
1202, 62, 1017
1202, 62, 1017
1166, 132, 998
990, 201, 882
992, 339, 839
815, 492, 661
346, 619, 825
-172, 705, 746
-172, 705, 746
-439, 713, 729
-948, 733, 777
-1414, 644, 968
-1679, 574, 830
-1615, 524, 1021
-1436, 564, 990
-,-,-
502, -49, 1030
612, -25, 1009
783, -19, 1007
849, -24, 1037
960, -14, 1027
1086, -11, 1033
1089, -7, 997
1143, 63, 1035
1143, 63, 1035
1160, 172, 991
890, 252, 1010
1268, 256, 945
1370, 309, 850
1089, 485, 890
287, 661, 864
-221, 775, 897
-221, 775, 897
-614, 803, 10
-1227, 825, 690
-1841, 825, 981
-1908, 794, 1090
-1820, 778, 1022
-,-,-
773, -15, 987
773, -15, 987
990, -27, 1040
1109, -70, 1007
1178, -66, 1003
1454, -25, 997
1484, 81, 1036
1475, 145, 994
1382, 254, 992
1157, 395, 997
1157, 395, 997
887, 481, 915
896, 508, 942
677, 646, 921
219, 813, 927
-565, 958, 439
-1077, 871, 374
-1077, 871, 374
-1390, 761, 749
-1799, 748, 1020
-1890, 684, 999
-,-,-
660, -8, 1006
826, -15, 1004
921, -63, 993
1046, -104, 1009
1172, -76, 995
1349, -34, 1036
1431, 5, 977
1431, 5, 977
1410, 68, 990
1213, 205, 907
1037, 357, 970
850, 444, 870
385, 574, 653
385, 574, 653
-70, 707, 953
-450, 747, 610
-961, 793, 261
-1382, 771, 763
-1724, 744, 1091
-1509, 696, 1117
-,-,-
973, 24, 1012
1064, 51, 732
1064, 51, 732
1047, 53, 1000
1010, 54, 1006
1045, 67, 993
1186, 106, 977
1251, 116, 957
1035, 177, 938
957, 243, 669
957, 243, 669
839, 335, 725
655, 379, 650
203, 454, 1016
-209, 518, 767
-612, 591, 652
-1037, 629, 998
-1037, 629, 998
-1337, 646, 937
-1469, 617, 1046
-1350, 628, 957
-,-,-
593, -64, 995
593, -64, 995
818, -91, 1014
1039, -73, 1031
991, -42, 1008
1055, -18, 1010
1179, 10, 988
1464, 28, 1009
1454, 126, 1017
1060, 248, 982
1060, 248, 982
753, 425, 155
732, 441, 831
668, 511, 932
278, 624, 778
-146, 734, 949
-146, 734, 949
-561, 775, 317
-1193, 785, 412
-1690, 718, 913
-1786, 615, 982
-,-,-
560, -49, 892
676, 0, 1066
733, 0, 1004
733, 0, 1004
911, -3, 1026
1007, -28, 1021
1085, -19, 987
814, -10, 747
1080, 11, 1020
1080, 11, 1020
1078, 74, 1040
987, 120, 1020
1017, 193, 983
876, 264, 947
913, 345, 996
571, 402, 682
571, 402, 682
94, 541, 679
-729, 687, 704
-1119, 671, -80
-1452, 650, 650
-1705, 660, 967
-1667, 672, 930
-1402, 736, 1211
-,-,-
780, -21, 1019
872, -15, 1025
872, -15, 1025
831, 16, 1010
793, 29, 1020
957, 28, 1039
1153, 9, 992
1206, 42, 1003
1206, 42, 1003
1163, 100, 1018
1000, 169, 802
801, 283, 910
839, 279, 733
729, 357, 714
346, 444, 1026
-243, 556, 872
-243, 556, 872
-718, 549, 807
-1214, 515, 987
-1462, 529, 1161
-1731, 616, 943
-,-,-
742, -70, 1032
822, -27, 988
910, -27, 1010
941, -28, 1017
1119, -34, 1020
966, -49, 578
966, -49, 578
1128, 19, 1012
902, 120, 1034
753, 236, 952
767, 269, 897
950, 296, 914
950, 296, 914
734, 412, 923
484, 532, 738
263, 624, 736
-8, 683, 720
-310, 784, 19
-310, 784, 19
-887, 820, 883
-1489, 787, 966
-1776, 722, 1018
-,-,-
77, -6, 1018
164, 20, 1013
306, -40, 1014
441, -51, 1015
669, -102, 1012
951, -121, 1034
1133, -118, 1021
1179, -89, 1024
1274, -52, 1034
1274, -52, 1034
1296, 6, 996
1356, 77, 1030
1355, 152, 1033
680, 215, 856
958, 351, 928
906, 444, 915
709, 569, 739
709, 569, 739
205, 682, 892
-123, 751, 669
-691, 835, 107
-1412, 867, 903
-1790, 828, 1048
-,-,-
932, 37, 1009
1068, 8, 1025
1068, 8, 1025
1107, 54, 1025
762, 131, 1021
995, 76, 1007
1522, -11, 1018
1659, 91, 1008
1439, 235, 997
897, 409, 890
897, 409, 890
570, 545, 956
505, 609, 833
186, 718, 927
-280, 822, 555
-641, 894, 223
-641, 894, 223
-1226, 842, 856
-1577, 803, 998
-,-,-
27, -14, 1000
27, -14, 1000
283, 30, 1010
636, 43, 1040
1304, 44, 1022
1782, -9, 982
1338, 13, 944
724, 44, 906
724, 44, 906
1283, 129, 1018
1319, 165, 1035
1330, 244, 1029
1113, 386, 987
487, 611, 859
868, 522, 858
868, 522, 858
124, 649, 913
-526, 789, 1017
-457, 763, 964
-783, 795, 973
-1769, 987, 806
-,-,-
184, -27, 1012
466, -26, 1020
714, -11, 984
792, 0, 1057
918, -9, 1019
1287, -54, 1010
1287, -54, 1010
1456, -63, 1013
1450, -24, 1024
1393, -7, 1032
1299, 46, 966
1173, 121, 970
555, 390, 854
998, 268, 781
772, 418, 821
772, 418, 821
258, 606, 964
-307, 713, 967
-537, 769, -190
-939, 808, 775
-1626, 855, 969
-1905, 880, 973
-,-,-
149, -10, 1067
347, -1, 1016
647, -34, 1004
979, -70, 1037
986, -49, 1033
929, -28, 993
1042, -49, 980
1042, -49, 980
1146, -63, 1035
1166, -72, 993
1289, -33, 994
1307, 0, 1002
1151, 61, 953
799, 194, 863
258, 395, 827
258, 395, 827
443, 404, 891
230, 523, 941
-538, 734, 468
-878, 737, 243
-1216, 748, 842
-1708, 787, 991
-,-,-
185, -3, 1021
483, 26, 1014
665, 10, 1016
665, 10, 1016
892, 22, 1007
1087, 17, 1019
1104, -18, 1035
1154, -53, 989
1320, -104, 1013
1384, -102, 973
1492, -103, 1004
1365, -21, 934
1168, 91, 899
1168, 91, 899
525, 367, 793
552, 436, 498
348, 503, 810
-446, 802, 915
-893, 767, 147
-893, 767, 147
-1549, 783, 947
-,-,-
96, -70, 985
232, -10, 1043
453, -51, 1014
647, -33, 1030
647, -33, 1030
612, -5, 997
625, 21, 1039
782, 35, 1018
983, 47, 1005
1226, 24, 1011
1226, 24, 1011
1356, -27, 1016
1539, -87, 1030
1769, -124, 1005
1595, 27, 839
1023, 256, 979
808, 346, 919
472, 404, 935
-81, 625, 1000
-81, 625, 1000
-756, 783, 975
-1299, 836, 868
-1551, 906, 766
-,-,-
146, -11, 1004
146, -11, 1004
284, 38, 1025
657, 35, 1026
1045, -11, 1011
1336, 29, 1038
1585, 66, 1020
1500, 66, 966
1449, 63, 979
1449, 63, 979
1715, -21, 942
1669, -22, 914
1322, 82, 726
854, 316, 927
879, 364, 896
879, 364, 896
421, 543, 992
-312, 853, 945
-1039, 1056, 918
-1527, 1138, 855
-1694, 1178, 895
-,-,-
386, -32, 1015
590, -51, 1015
711, -68, 1031
898, -79, 995
1016, -96, 997
1172, -87, 974
1156, -49, 985
1156, -49, 985
1295, -32, 957
1565, -40, 1009
1656, -11, 992
1378, 121, 853
1128, 423, 902
1113, 531, 883
501, 766, 875
501, 766, 875
-173, 1013, 964
-825, 1191, 877
-1181, 1204, 867
-1908, 1247, 828
-,-,-
408, -79, 1021
336, -51, 995
454, -63, 1052
638, -85, 996
1018, -83, 1022
1549, -128, 1023
1835, -111, 993
1835, -111, 993
1908, -93, 1013
1950, -73, 949
1833, 206, 967
847, 687, 1002
1162, 486, 775
234, 829, 950
-988, 1215, 955
-1250, 1168, 809
-1715, 1190, 907
-1992, 1277, 796
-,-,-
109, -30, 1013
209, 41, 1041
281, -18, 990
295, -8, 1048
295, -8, 1048
444, -10, 1016
573, -33, 1027
810, -17, 1019
1021, -33, 998
1408, -57, 964
1850, -99, 928
1943, -14, 947
1943, -14, 947
1760, 120, 944
1449, 257, 952
1371, 295, 849
1342, 421, 888
174, 823, 842
-1073, 1064, 950
-1181, 995, 903
-1302, 925, 928
-,-,-
57, 0, 1035
233, 62, 998
449, 70, 1047
449, 70, 1047
747, 81, 1005
923, 92, 970
1093, 118, 990
705, 106, 973
984, 33, 967
984, 33, 967
1473, 130, 961
1175, 158, 989
1034, 170, 1000
1245, 159, 946
1007, 245, 797
876, 310, 577
876, 310, 577
423, 419, 269
-385, 545, 855
-1077, 628, 737
-1269, 553, 964
-1441, 545, 867
-1639, 631, 901
-,-,-
57, 5, 1019
198, 36, 1026
339, 47, 1013
422, 23, 1033
422, 23, 1033
590, -6, 1015
941, -50, 1001
1540, -14, 944
1824, 15, 993
1843, 37, 767
1843, 137, 943
1843, 137, 943
1589, 257, 914
1183, 410, 835
793, 567, 899
345, 710, 702
-539, 794, 579
-695, 673, 900
-970, 624, 856
-970, 624, 856
-1311, 613, 856
-1383, 563, 949
-,-,-
1147, 14, 875
1313, 39, 973
1302, 75, 979
1302, 75, 979
1335, 53, 1010
1301, 62, 963
1551, 134, 535
1329, 361, 678
983, 642, 637
983, 642, 637
491, 914, 459
-145, 1049, 890
-579, 1109, 795
-1021, 1117, 902
-1796, 1050, 894
-1858, 860, 961
-,-,-
427, 16, 1014
530, 44, 981
530, 44, 981
639, 68, 1013
792, 31, 942
1061, 6, 938
1286, 27, 877
1286, 27, 877
1115, 55, 960
1510, 84, 728
1496, 161, 928
1438, 264, 915
1314, 417, 868
936, 584, 760
936, 584, 760
670, 763, 884
188, 914, 896
-435, 970, 924
-1298, 998, 975
-1739, 965, 954
-1803, 847, 920
-,-,-
487, -9, 1004
805, -31, 1031
975, -64, 1004
855, -37, 1072
829, 48, 976
829, 48, 976
996, 48, 931
1266, 67, 917
1280, 76, 1003
1207, 151, 970
1207, 151, 973
942, 231, 973
962, 199, 898
897, 243, 669
950, 340, 787
827, 417, 726
188, 597, 881
188, 597, 881
-583, 763, 505
-1148, 734, 215
-1532, 695, 984
-1860, 677, 959
-1750, 646, 996
-1555, 635, 1042
-,-,-
-15, -44, 1018
-59, 13, 1025
-40, -89, 1026
34, -74, 1012
34, -74, 1012
126, -11, 1022
395, -8, 1015
675, -11, 1027
923, -46, 1041
856, -26, 962
416, -107, 895
416, -107, 895
1088, -45, 973
450, -8, 1017
1538, 10, 1003
1667, 13, 967
1429, 118, 1016
1078, 218, 926
627, 334, 964
627, 334, 964
284, 471, 740
-106, 651, 811
-717, 756, 578
-1369, 803, 279
-1498, 713, 949
-1649, 626, 1036
-1903, 676, 1016
-1996, 745, 1057
-,-,-
386, 39, 998
386, 39, 998
758, 18, 1050
983, 15, 962
1164, 14, 1040
1168, 55, 1005
1168, 55, 1005
1226, 106, 1018
1376, 144, 1005
1434, 144, 1040
1253, 164, 951
1000, 217, 972
899, 270, 825
715, 363, 951
339, 452, 825
339, 452, 825
-279, 568, 818
-630, 590, 967
-716, 598, 975
-1227, 589, 963
-1539, 586, 1003
-1175, 576, 1002
-902, 575, 1004
-,-,-
389, -59, 1056
389, -59, 1056
673, -43, 917
925, 0, 1063
1164, 12, 920
1387, 4, 1034
1530, -8, 976
1530, -8, 976
1526, 39, 1039
1198, 115, 989
1105, 148, 1016
999, 235, 861
745, 308, 810
604, 457, 784
604, 457, 784
255, 624, 891
-421, 737, 981
-968, 767, 131
-1223, 760, 284
-1451, 708, 957
-1757, 674, 998
-1807, 675, 990
-1636, 663, 1022
-,-,-
553, -19, 1016
650, -1, 994
760, -5, 1014
801, -3, 1047
801, -3, 1047
821, -13, 997
872, -13, 1002
937, 31, 1011
1186, 87, 992
1125, 155, 995
894, 242, 989
894, 242, 989
693, 359, 898
536, 464, 746
239, 592, 892
-171, 671, 951
-545, 691, 455
-545, 691, 455
-1039, 644, 368
-1429, 561, 700
-1541, 422, 1008
-1415, 335, 994
-,-,-
531, -5, 979
735, -11, 1027
1096, -57, 994
1120, -22, 998
1109, -26, 987
1264, 1, 984
1264, 1, 984
1256, 34, 990
1460, 89, 1005
1253, 196, 1022
557, 277, 914
873, 360, 717
873, 360, 717
657, 508, 788
105, 632, 837
-715, 740, 907
-693, 701, 195
-425, 605, 470
-1197, 713, 844
-1197, 713, 844
-1523, 690, 926
-1359, 583, 1049
-,-,-
189, -19, 996
189, -19, 996
301, -46, 1074
619, -64, 963
723, -34, 1028
790, 4, 950
790, 4, 984
973, 33, 984
573, 36, 825
528, 40, 791
1305, 33, 969
1305, 33, 969
1221, 58, 999
669, 95, 831
734, 157, 893
795, 257, 833
795, 257, 833
637, 380, 837
268, 459, 706
-331, 558, 769
-801, 605, 182
-976, 620, 350
-1345, 657, 936
-1271, 632, 747
-1271, 632, 747
-1272, 653, 967
-1328, 634, 944
-,-,-
608, -29, 1028
902, -12, 961
888, 8, 982
898, 1, 1018
898, 1, 1018
869, -13, 1024
908, 7, 962
1270, 28, 987
872, 33, 951
872, 33, 951
545, 89, 787
1006, 188, 870
1156, 330, 879
840, 477, 600
840, 477, 600
288, 652, 677
-479, 832, 799
-990, 841, -451
-1230, 827, 926
-1483, 783, 879
-1579, 755, 966
-1432, 699, 963
-1555, 640, 968
-1608, 632, 918
-,-,-
373, -14, 1048
597, -7, 986
597, -7, 986
654, -14, 1028
942, -26, 1010
1297, -40, 1023
1224, -21, 1010
1160, -25, 941
1238, -43, 1039
1473, -19, 1014
1333, 35, 940
1333, 35, 940
1129, 136, 962
877, 223, 965
516, 336, 900
149, 430, 842
-113, 522, 957
-354, 596, 438
-354, 596, 438
-644, 665, 325
-822, 735, 816
-903, 753, 879
-1164, 788, 1027
-1628, 804, 946
-1670, 718, 1032
-,-,-
515, -45, 1029
664, -35, 968
674, -35, 1034
900, -61, 1019
1017, -74, 1037
974, -80, 980
974, -80, 980
988, -72, 1006
1017, -31, 981
1155, -3, 996
1270, 19, 1006
1174, 87, 995
1102, 201, 825
1102, 201, 825
917, 325, 479
721, 454, 939
3, 684, 942
-695, 803, 143
-1183, 798, 760
-1183, 798, 760
-1284, 791, 801
-1394, 851, 1069
-,-,-
343, 70, 999
673, 138, 1020
1139, 64, 1021
1161, 12, 1049
1162, 3, 990
1162, 3, 990
1055, 24, 974
1472, 8, 1017
1454, -17, 1019
1219, 4, 972
1219, 4, 972
1061, 45, 1000
679, 87, 958
539, 97, 897
649, 168, 857
649, 168, 857
558, 332, 836
184, 504, 322
-427, 689, 642
-1020, 720, 985
-1299, 697, 999
-1454, 689, 1037
-1609, 642, 1020
-,-,-
727, -35, 1030
727, -35, 1030
820, -47, 989
990, -69, 1036
1194, -91, 1002
994, -81, 1008
1090, -45, 1020
1136, 1, 1011
1159, 70, 1017
1076, 134, 930
1076, 134, 930
753, 198, 865
1011, 318, 954
771, 491, 854
309, 675, 968
-317, 832, 896
-559, 846, 1007
-949, 842, 992
-949, 842, 992
-1602, 809, 940
-1831, 697, 979
-1681, 573, 1000
-,-,-
709, -72, 1005
898, -35, 964
969, 6, 1023
969, 6, 1023
1119, 38, 1002
1159, 12, 928
1200, 12, 974
1268, -3, 1018
1073, 116, 949
1073, 116, 963
969, 281, 963
672, 407, 969
580, 493, 497
392, 633, 787
-115, 856, 499
-533, 905, 168
-533, 905, 168
-1100, 919, 952
-1815, 848, 893
-,-,-
503, 66, 1025
686, 71, 984
770, 50, 986
817, 38, 1003
817, 38, 1003
823, 25, 1025
981, -14, 1005
973, -50, 981
1238, -36, 1031
1405, -17, 986
1312, 15, 1028
1174, 66, 1002
1174, 66, 1002
1033, 133, 1022
730, 282, 864
372, 466, 239
-90, 688, 770
-668, 742, 929
-837, 699, 694
-837, 699, 694
-1064, 687, 1090
-1383, 670, 914
-1362, 610, 1048
-1167, 555, 1016
-,-,-
286, -17, 1013
650, -15, 991
650, -15, 991
844, -21, 1048
905, -13, 992
1012, -58, 959
1257, -59, 1011
1246, -23, 1010
1026, 56, 1006
1064, 148, 1015
606, 232, 973
606, 232, 973
403, 324, 948
546, 386, 909
724, 420, 940
533, 530, 928
533, 530, 928
155, 631, 969
-230, 678, 948
-538, 705, 949
-1127, 674, 957
-1500, 566, 1001
-1519, 422, 920
-1724, 359, 1014
-1829, 348, 995
-1545, 373, 1038
-,-,-
804, -65, 935
804, -65, 935
1382, -85, 977
1018, -41, 566
1273, 1, 856
1571, 5, 994
1472, 44, 991
1472, 44, 991
671, 113, 843
1053, 277, 898
558, 498, 560
-329, 706, 776
-575, 756, 740
-715, 740, 290
-715, 740, 290
-1097, 803, 776
-1361, 829, 827
-1409, 828, 937
-1510, 835, 986
-,-,-
766, -28, 979
766, -28, 979
765, -38, 1014
919, -36, 1018
1079, -44, 976
856, -70, 525
1326, -27, 928
1090, 106, 906
1090, 106, 906
576, 182, 908
564, 204, 936
749, 181, 983
848, 268, 999
542, 449, 959
295, 605, 1048
295, 605, 1048
-247, 738, 986
-970, 850, 898
-1304, 827, 889
-1428, 731, 974
-1490, 630, 988
-1641, 592, 1001
-1693, 651, 1028
-,-,-
826, 65, 960
993, 79, 1024
993, 79, 1024
1010, 48, 914
1018, 88, 1007
848, 81, 907
413, 22, 549
1051, -104, 973
1051, -104, 973
1588, -146, 985
1379, -43, 881
1220, 187, 865
912, 462, 1036
182, 739, 771
-528, 1040, 1014
-941, 1142, 811
-1103, 1042, 976
-1198, 913, 964
-1620, 769, 1006
-1925, 588, 972
-1949, 415, 1052
-1771, 320, 958
-,-,-
654, -87, 1017
776, -119, 1040
825, -134, 1001
1121, -96, 976
1303, -35, 1024
1007, 13, 761
643, 95, 740
643, 95, 740
558, 214, 818
359, 303, 924
297, 297, 895
758, 170, 805
758, 170, 805
1273, 99, 927
928, 255, 753
321, 443, 839
-320, 610, 890
-827, 711, 502
-827, 711, 502
-1197, 701, 803
-1400, 656, 940
-1622, 662, 1004
-1746, 764, 1036
-,-,-
277, -40, 1024
511, -34, 1044
730, -85, 996
730, -85, 996
670, -66, 1022
753, -53, 995
946, -21, 1029
1101, 13, 975
742, -1, 335
742, -1, 335
608, -9, 881
1100, -32, 973
1449, 14, 903
1375, 121, 918
965, 237, 864
965, 237, 864
487, 335, 890
267, 402, 712
156, 501, 686
-7, 688, 689
-7, 688, 689
-305, 828, 191
-1095, 921, 931
-1674, 899, 978
-1742, 776, 879
-1928, 664, 1025
-,-,-
452, -73, 1033
649, -68, 990
811, -55, 1023
889, -58, 1006
1152, -112, 1007
1343, -142, 1050
1022, -71, 884
1139, -35, 1005
1119, 34, 1009
1119, 34, 1009
1057, 140, 1071
1055, 142, 984
1063, 230, 1027
687, 406, 1006
427, 626, 992
179, 769, 947
-193, 901, 858
-795, 925, 1010
-795, 925, 1010
-1168, 849, 835
-1441, 790, 944
-1611, 725, 998
-1613, 623, 1065
-1522, 593, 1123
-,-,-
1061, -65, 934
1061, -65, 934
1280, -20, 1027
1162, 35, 996
1031, 17, 943
1088, 82, 1045
1060, 161, 1009
786, 243, 1011
564, 82, 1043
564, 82, 1043
733, 320, 930
317, 429, 962
107, 511, 991
-122, 547, 961
-413, 644, 904
-655, 689, 977
-655, 689, 977
-869, 662, 837
-1253, 714, 983
-1415, 687, 1003
-1328, 589, 1040
-,-,-
586, -2, 1018
804, 0, 995
891, -13, 1034
1067, -22, 992
1067, -22, 992
1013, 2, 1044
1105, 37, 1028
1197, 68, 972
1254, 126, 999
1139, 183, 974
998, 241, 954
998, 241, 954
880, 309, 963
721, 355, 825
254, 392, 899
-152, 379, 814
-530, 456, 671
-1044, 445, 739
-1549, 470, 1038
-1635, 483, 1022
-1556, 595, 1057
-1370, 754, 983
-,-,-
175, 41, 1023
330, 99, 1026
755, 54, 1013
1033, 18, 1028
1268, 7, 1018
1548, 7, 945
1548, 19, 945
1575, 74, 904
1493, 114, 988
1389, 207, 996
1341, 280, 1038
1148, 341, 948
822, 415, 922
822, 415, 922
445, 536, 783
-67, 620, 794
-419, 660, 826
-641, 676, 49
-1281, 740, 648
-1281, 740, 648
-1812, 719, 942
-1771, 653, 957
-,-,-
244, 48, 1028
380, 36, 1001
568, 39, 1017
734, 25, 1036
862, 33, 1032
862, 33, 1032
1017, -1, 1019
1230, 35, 1023
1224, 78, 1020
1267, 109, 1001
1319, 138, 988
1106, 147, 1023
966, 187, 967
915, 219, 986
915, 219, 986
835, 297, 920
558, 442, 795
-127, 564, 932
-594, 595, 577
-899, 577, 945
-1260, 551, 966
-1260, 551, 966
-1589, 501, 1014
-1565, 525, 1037
-,-,-
344, -49, 1026
570, -70, 1021
570, -70, 1021
873, -41, 996
1040, -44, 1026
1152, -2, 999
1230, 30, 1018
1173, 98, 920
1308, 159, 1034
1170, 245, 1032
894, 290, 1021
894, 290, 1021
725, 312, 902
1005, 291, 929
883, 359, 671
608, 466, 983
152, 591, 940
-592, 694, 950
-592, 694, 950
-1353, 686, 998
-1722, 614, 897
-1618, 519, 937
-1447, 510, 1048
-1556, 629, 980
-,-,-
200, -4, 1004
344, 19, 1038
585, -27, 1000
525, -11, 1034
459, 26, 1002
459, 26, 1002
633, 36, 1012
1150, 62, 1029
1216, 97, 1007
1281, 126, 866
1270, 173, 1002
1203, 175, 1014
1173, 184, 947
1173, 184, 947
1106, 228, 908
987, 350, 955
550, 453, 896
352, 487, 768
-52, 595, 926
-52, 595, 926
-403, 683, -155
-917, 689, 497
-1702, 715, 846
-1941, 673, 1030
-1820, 622, 982
-,-,-
179, 20, 1019
424, 52, 1024
632, 41, 982
596, 92, 1046
799, 99, 1029
799, 99, 1029
931, 70, 979
768, 14, 936
931, -4, 963
885, 74, 981
885, 74, 981
925, 80, 1009
721, 76, 981
962, 53, 872
1210, 126, 821
1210, 126, 821
1229, 269, 831
754, 465, 846
332, 635, 736
-193, 779, 954
-762, 848, 907
-1010, 779, 952
-1107, 745, 739
-1107, 745, 739
-,-,-
526, 47, 1047
526, 47, 1047
663, 12, 1015
791, -54, 998
956, -74, 1017
1210, -97, 1018
1232, -88, 1022
1571, -34, 981
1571, -34, 981
1617, 47, 1054
1342, 130, 1005
952, 248, 991
1235, 414, 987
903, 633, 743
466, 930, 934
-269, 1229, 394
-269, 1229, 394
-1066, 1258, 542
-1519, 1189, 689
-1864, 1095, 976
-1975, 908, 938
-1986, 866, 932
-1993, 754, 1032
-,-,-
89, -4, 1007
89, -4, 1007
117, 1, 1032
237, 33, 1022
450, -4, 1020
927, -38, 1035
927, -38, 1035
1205, -42, 980
1243, -39, 989
1456, 15, 1002
1346, 96, 1014
1292, 207, 1033
722, 289, 835
316, 327, 873
316, 327, 873
744, 391, 988
721, 374, 996
507, 433, 950
1, 475, 931
1, 475, 931
-322, 505, 965
-498, 485, 953
-697, 505, 854
-913, 483, 882
-1405, 465, 752
-1711, 448, 897
-1650, 399, 1005
-,-,-
68, -26, 1019
295, -56, 992
433, -64, 1021
581, -82, 1074
790, -101, 974
960, -95, 1052
1211, -97, 989
1211, -97, 977
1204, -55, 977
1298, -1, 1018
1148, 55, 918
1240, 149, 1017
841, 340, 930
734, 394, 972
836, 392, 907
836, 392, 907
739, 462, 881
515, 650, 964
35, 796, 877
-550, 852, 714
-1040, 779, 209
-1040, 779, 209
-1284, 674, 597
-1641, 597, 1034
-1908, 523, 966
-1912, 536, 1022
-,-,-
272, -8, 998
522, -19, 1022
622, 0, 1041
760, 44, 1017
953, 55, 986
953, 55, 986
1160, 41, 1018
1259, 30, 993
793, -16, 941
991, -76, 998
991, -76, 998
1036, -72, 1035
1175, 2, 959
1101, 63, 993
1075, 155, 964
867, 319, 811
674, 540, 966
674, 540, 966
111, 818, 950
-645, 980, -126
-1318, 964, 668
-1485, 865, 792
-1777, 827, 1047
-1892, 750, 998
-1841, 683, 1123
-,-,-
506, -39, 999
920, -39, 1011
1048, -51, 992
1048, -51, 992
1093, -71, 991
1222, -16, 806
1102, -3, 685
1143, 15, 855
1018, 45, 1000
948, 136, 937
948, 136, 937
772, 173, 763
952, 152, 816
816, 248, 660
446, 416, 904
-135, 665, 981
-135, 665, 981
-510, 743, -24
-942, 774, 532
-1297, 761, 1021
-1707, 720, 998
-1796, 705, 957
-1648, 685, 1035
-,-,-
319, -6, 1020
549, 13, 1020
929, -31, 1034
929, -31, 1034
1124, -52, 1022
924, -14, 965
1129, 21, 974
992, 48, 967
1326, 102, 1018
1265, 149, 1024
802, 107, 901
802, 107, 901
867, 113, 866
1024, 156, 923
697, 335, 956
282, 474, 589
-120, 674, 805
-120, 674, 805
-399, 751, 330
-491, 652, 385
-986, 727, 674
-1813, 801, 988
-1981, 787, 1076
-1802, 760, 1055
-,-,-
178, 3, 1006
372, 0, 1034
716, -20, 1001
941, 8, 1028
1002, 48, 1009
1002, 48, 1009
1171, 20, 1026
1372, -3, 986
1189, 21, 870
1255, 54, 987
1132, 90, 994
1121, 134, 885
1121, 134, 885
1023, 231, 851
686, 383, 937
554, 463, 687
514, 490, 694
188, 590, 939
-208, 659, 112
-208, 659, 112
-847, 731, 755
-1446, 665, 950
-1860, 684, 1022
-1940, 681, 977
-,-,-
758, -65, 1017
740, -18, 1014
778, -3, 1018
860, 4, 968
1048, 30, 1019
1048, 30, 1019
1092, 115, 1031
1266, 173, 917
1136, 209, 993
1103, 265, 951
1158, 313, 882
995, 377, 939
715, 466, 978
715, 466, 978
413, 524, 763
438, 592, 865
129, 750, 564
-659, 817, 767
-1548, 799, 435
-1672, 561, 786
-1256, 297, 1244
-1612, 489, 604
-,-,-
323, -16, 1003
323, -16, 1003
358, -21, 1024
436, 6, 1021
568, 16, 978
812, 30, 968
1159, 32, 1039
1159, 32, 1039
1195, 38, 983
1049, 133, 985
1012, 202, 995
894, 246, 1018
814, 228, 960
886, 213, 842
886, 213, 842
844, 203, 859
861, 223, 925
620, 328, 545
6, 470, 821
6, 470, 821
-567, 504, 973
-680, 475, 234
-618, 464, 870
-1000, 528, 979
-1289, 562, 1010
-,-,-
74, -69, 924
210, 23, 1084
297, -23, 1058
297, -23, 1058
282, -28, 1010
346, -13, 1027
416, -17, 1019
490, -4, 998
526, 9, 1047
729, 28, 1000
729, 28, 1000
1058, 29, 1034
1176, 21, 1006
1327, 53, 1014
1424, 99, 1042
1275, 174, 960
885, 233, 1036
881, 251, 837
881, 251, 837
769, 313, 958
579, 422, 543
25, 596, 1017
-461, 668, 414
-954, 637, 547
-954, 637, 547
-1059, 623, 823
-1355, 574, 1026
-1539, 525, 1007
-,-,-
331, 0, 985
331, 0, 985
377, -23, 1022
477, -54, 1093
756, -77, 958
991, -100, 1049
917, -116, 1020
715, -101, 966
715, -101, 966
688, -70, 1023
870, -74, 676
1445, -16, 1020
1625, 127, 901
1306, 287, 994
1210, 332, 958
1130, 380, 998
1130, 380, 998
885, 475, 770
467, 590, 988
-387, 738, 662
-1144, 729, 925
-1433, 658, 964
-1819, 587, 943
-1956, 599, 1013
-,-,-
314, -28, 1027
314, -28, 1027
373, -11, 1019
419, -3, 1011
379, -27, 1039
454, -15, 999
614, -11, 1025
816, -56, 1010
816, -56, 1010
747, -53, 1044
756, -55, 972
920, -54, 1052
1163, -44, 918
1007, 38, 983
933, 91, 909
933, 91, 909
924, 106, 851
960, 155, 1009
843, 194, 950
625, 268, 911
494, 370, 794
494, 370, 794
49, 543, 728
-580, 600, 865
-750, 597, 918
-1131, 617, 1017
-1437, 579, 955
-1511, 555, 913
-,-,-
244, -11, 1004
295, 4, 1050
376, -3, 992
463, 33, 1030
686, 61, 978
686, 61, 978
993, 61, 1015
1113, 13, 1026
1331, 9, 1012
1271, 5, 997
1271, 5, 997
1421, 49, 965
1551, 69, 985
1460, 185, 975
1051, 328, 914
791, 415, 835
791, 415, 835
525, 553, 766
83, 733, 605
-755, 824, 922
-991, 759, 289
-1246, 642, 502
-1481, 595, 966
-1481, 595, 966
-1498, 505, 955
-1511, 503, 998
-,-,-
365, -23, 1034
365, -23, 1034
527, -21, 993
528, 31, 1039
669, 40, 1009
882, 46, 863
1063, 31, 950
1063, 31, 950
937, 59, 976
1033, 91, 983
1063, 95, 1012
975, 127, 974
875, 117, 964
875, 117, 964
839, 86, 959
789, 72, 1046
674, 149, 835
604, 215, 725
604, 215, 725
224, 300, 996
-244, 384, 873
-474, 425, 934
-709, 436, 1007
-980, 449, 983
-1143, 493, 996
-1381, 528, 998
-1522, 524, 1024
-1671, 609, 960
-,-,-
268, 26, 1019
438, -8, 1012
438, -8, 1012
551, -22, 1018
724, -51, 1035
813, -6, 1026
936, 45, 972
670, 6, 1035
670, 6, 1035
1157, -7, 966
1296, -43, 919
1676, -35, 1004
1409, 5, 1008
1019, 143, 893
595, 367, 871
595, 367, 871
559, 408, 875
456, 493, 715
-187, 619, 936
-761, 631, 523
-998, 546, 652
-998, 546, 652
-1189, 588, 1001
-1724, 688, 912
-1877, 728, 1003
-,-,-
566, 64, 1011
665, 106, 1020
736, 98, 984
1115, 14, 1015
1413, -30, 1005
1413, -30, 1005
1634, 2, 974
1408, 71, 1021
1419, 56, 1046
1405, 87, 1020
1285, 136, 1033
1169, 226, 978
894, 326, 626
446, 492, 333
446, 492, 333
-93, 680, 844
-578, 735, 727
-1164, 802, 1004
-1691, 767, 1001
-1799, 736, 943
-1797, 773, 1061
-1631, 803, 1019
-,-,-
523, -17, 1052
720, -13, 981
775, -66, 1011
801, -28, 984
789, -7, 1028
789, -7, 1028
882, 13, 1009
920, 16, 1001
873, 3, 932
1078, -25, 1041
1353, -21, 961
1353, -21, 961
1499, 28, 685
1363, 119, 817
1039, 223, 1010
890, 334, 871
289, 538, 484
-446, 674, 535
-446, 674, 817
-878, 705, 817
-1184, 696, 503
-1703, 676, 945
-1715, 695, 976
-1454, 730, 895
-1434, 872, 979
-,-,-
111, 51, 1002
375, 63, 1035
636, 19, 1025
636, 19, 1025
752, 23, 1006
662, 57, 1035
783, 80, 1029
915, 91, 984
1020, 91, 1031
1020, 91, 1031
1077, 59, 1026
1119, 11, 993
1079, 13, 1012
1042, 39, 1016
788, 104, 1036
608, 135, 863
556, 179, 908
556, 179, 908
483, 230, 979
241, 282, 897
-222, 382, 390
-831, 422, 729
-1065, 385, 1023
-811, 373, 965
-811, 373, 965
-1135, 449, 948
-1830, 582, 1018
-,-,-
478, 56, 1031
675, 112, 1005
675, 112, 1005
805, 102, 1049
963, 134, 977
1004, 92, 1000
1083, 32, 1038
1205, -1, 1015
1217, -14, 990
1159, 1, 1033
1159, 1, 1033
1064, 7, 932
973, 59, 882
891, 125, 1013
654, 234, 885
197, 385, 662
197, 385, 662
75, 433, 928
-223, 534, 986
-656, 652, 863
-944, 667, 767
-949, 635, 928
-1188, 654, 981
-1188, 654, 981
-,-,-
396, -42, 959
462, -11, 1066
727, -11, 1008
1054, 17, 930
1054, 17, 930
1129, 80, 973
1062, 149, 920
997, 181, 988
1157, 196, 986
1092, 272, 995
1018, 301, 916
1018, 301, 916
889, 281, 897
727, 296, 795
556, 310, 792
142, 390, 839
-134, 380, 553
-395, 363, 669
-395, 363, 669
-601, 384, 991
-909, 445, 899
-1363, 497, 976
-1401, 443, 991
-1447, 466, 982
-1856, 621, 970
-,-,-
379, -29, 1029
555, -27, 1014
738, 2, 994
909, 3, 1001
1013, 3, 852
1013, 3, 852
1094, -5, 964
1272, -23, 989
1301, 14, 936
1441, 56, 959
1403, 91, 989
1403, 91, 989
1285, 183, 763
1068, 248, 834
856, 318, 846
450, 433, 845
-130, 563, 917
-130, 563, 917
-446, 614, 455
-1014, 629, 533
-1650, 660, 836
-1693, 560, 899
-1485, 548, 906
-1504, 613, 1000
-,-,-
294, -19, 1014
615, -1, 1046
712, -33, 946
869, 3, 973
869, 3, 973
1039, 17, 954
1181, -11, 1000
1005, -4, 969
1039, -34, 966
1039, -34, 966
1248, 0, 1033
1314, 17, 1001
1058, 87, 1024
803, 129, 909
748, 226, 922
538, 401, 743
538, 401, 743
238, 540, 806
-112, 657, 919
-528, 683, 135
-1313, 752, 395
-1709, 664, 822
-1859, 587, 955
-1797, 564, 968
-,-,-
115, -49, 1008
246, -34, 1031
312, -30, 1013
476, -40, 1030
620, 0, 1031
620, 0, 1031
945, 37, 939
1198, 20, 994
1327, 5, 970
907, 62, 919
907, 62, 919
874, 66, 944
985, 123, 967
919, 147, 930
919, 147, 930
677, 232, 812
505, 336, 819
476, 322, 791
282, 371, 709
17, 419, 873
17, 419, 873
-407, 503, 978
-597, 501, -82
-842, 535, 864
-1078, 442, 811
-1143, 375, 855
-1154, 369, 976
-1340, 424, 1023
-,-,-
621, 5, 1008
735, 14, 1002
735, 14, 1002
964, -29, 980
1230, -20, 995
1455, -13, 1032
1514, -28, 1014
1603, 8, 886
1482, -21, 934
1160, 10, 974
1160, 10, 974
903, 110, 947
586, 274, 872
568, 311, 576
388, 458, 915
388, 458, 915
-215, 663, 941
-827, 746, 123
-1286, 776, 634
-1406, 756, 975
-1532, 752, 962
-,-,-
431, -45, 1042
397, 14, 1017
385, 14, 1033
652, -20, 1016
945, -78, 1022
607, -60, 788
353, -39, 943
353, -39, 943
1087, 4, 1014
1069, -22, 980
1121, 13, 964
889, 21, 927
722, 36, 947
722, 36, 947
775, 90, 955
592, 199, 441
317, 366, 912
-226, 538, 896
-226, 538, 896
-612, 693, 138
-1030, 826, 848
-1251, 809, 783
-1387, 740, 863
-1458, 686, 954
-1612, 717, 997
-1595, 708, 1037
-1449, 710, 1005
-,-,-
326, 15, 1008
326, 15, 1008
416, -1, 1014
513, -1, 1031
580, 2, 1019
846, -26, 1015
911, -32, 1023
911, -32, 1023
1089, -14, 1017
1100, 16, 1027
1112, 40, 1004
1196, 62, 920
1120, 145, 921
877, 218, 934
599, 293, 794
599, 293, 794
231, 359, 830
-375, 500, 962
-577, 509, 2
-924, 509, 436
-1192, 511, 776
-1192, 511, 776
-1341, 533, 913
-1361, 555, 855
-1546, 618, 1000
-,-,-
1223, -8, 964
1204, 20, 951
924, 74, 945
706, 103, 986
706, 103, 986
932, 1, 925
789, 96, 941
372, 264, 380
133, 366, 620
133, 366, 620
93, 457, 855
-303, 579, 821
-1165, 692, 996
-1311, 620, 992
-1255, 592, 988
-1555, 641, 919
-1661, 627, 1035
-,-,-
97, 8, 1015
259, -24, 1024
301, -18, 1028
362, 30, 1016
362, 30, 1016
517, 55, 1020
723, 46, 1013
865, -5, 1031
958, -38, 1034
1055, -94, 986
1055, -94, 986
833, -156, 941
1241, -102, 981
1149, -53, 1048
1039, 8, 995
885, 42, 972
682, 145, 1010
460, 271, 922
460, 271, 922
215, 334, 956
-325, 421, 1018
-769, 466, 829
-828, 493, 515
-810, 522, 944
-1252, 652, 799
-1248, 637, 1032
-1120, 678, 1080
-1078, 680, 1138
-1305, 698, 1065
-,-,-
247, 36, 1055
509, 40, 986
509, 40, 986
535, 9, 1007
549, -2, 1031
799, 96, 1013
1053, 83, 1032
1120, -23, 1004
1120, -23, 1004
1163, -82, 1033
1159, -89, 1031
1131, -27, 1015
922, -6, 1023
627, 20, 1030
643, -14, 1042
598, -72, 965
362, -19, 969
362, -19, 969
35, 97, 990
-34, 206, 883
-154, 325, 995
-481, 488, 963
-917, 640, 1021
-1058, 666, 1004
-1177, 693, 966
-1177, 693, 966
-1446, 729, 1020
-,-,-
228, 20, 995
327, -51, 1043
407, -30, 1008
407, -30, 1008
593, -22, 1033
857, -57, 1022
970, -54, 1016
276, -54, 989
865, 6, 1007
576, 6, 932
576, 6, 932
869, 58, 991
1165, 57, 1034
1165, 35, 1032
1024, 65, 1071
1024, 65, 1071
820, 173, 1057
432, 271, 945
216, 340, 895
-41, 425, 947
-248, 594, 1016
-558, 656, 424
-1144, 753, 1051
-1421, 718, 970
-1421, 718, 970
-1537, 652, 1069
-1591, 611, 1194
-,-,-
308, -11, 1024
431, -15, 1030
544, -22, 1011
544, -22, 1011
630, -45, 1024
813, -77, 1027
860, -102, 991
976, -114, 1057
907, -114, 973
935, -115, 734
941, -81, 984
941, -81, 984
890, -29, 1027
873, -2, 1000
783, 49, 1034
777, 95, 937
579, 253, 963
579, 253, 963
55, 481, 828
-266, 559, 894
-465, 580, 871
-542, 576, 857
-635, 541, 939
-1089, 578, 776
-1498, 587, 879
-1498, 587, 879
-1339, 536, 930
-,-,-
397, 91, 1027
546, 47, 1019
865, -36, 1043
457, -82, 787
334, -48, 908
927, 71, 1022
927, 71, 1022
886, 34, 963
1359, -6, 1027
1197, 21, 1011
976, 96, 1017
952, 139, 1051
794, 215, 1039
794, 215, 1039
438, 337, 689
-67, 510, 1009
-481, 597, 862
-580, 594, -39
-946, 652, 613
-1627, 742, 983
-1567, 676, 1035
-1181, 653, 1163
-,-,-
422, -27, 1047
606, -40, 991
631, -2, 1024
508, 4, 1036
508, 4, 1036
522, 27, 1073
1038, -4, 999
594, 18, 936
1078, 91, 1025
1172, 93, 1030
1172, 93, 1030
1325, 102, 1044
1147, 122, 987
883, 172, 960
364, 311, 753
-192, 461, 971
-336, 503, 819
-317, 469, 560
-317, 469, 560
-1003, 554, 887
-1424, 560, 926
-1385, 467, 940
-1548, 462, 892
-,-,-
366, 10, 992
366, 10, 992
536, -32, 1051
686, -86, 1009
818, -29, 1025
842, 5, 1012
823, 41, 1007
823, 41, 1007
970, 42, 1049
870, 42, 964
1038, 39, 1029
1149, 66, 1043
1138, 161, 1021
1042, 181, 1024
928, 214, 1024
928, 214, 1024
751, 310, 996
345, 497, 807
11, 653, 894
-86, 652, 655
-605, 658, 822
-605, 658, 822
-1092, 575, 968
-1225, 431, 964
-1314, 312, 1013
-1329, 396, 898
-,-,-
95, 9, 1022
19, 2, 1025
23, -18, 1009
61, 3, 1027
61, 3, 1027
113, -3, 1020
218, 28, 1022
448, 52, 1022
828, 73, 1004
828, 73, 1004
1122, 60, 1048
1043, 50, 1013
1114, 48, 976
1253, 8, 1047
1411, 51, 965
1319, 72, 955
1319, 72, 955
1221, 81, 999
1102, 134, 910
1094, 182, 848
936, 318, 696
383, 535, 818
383, 535, 818
-218, 711, 934
-590, 761, 655
-973, 804, 733
-1271, 711, 944
-1360, 641, 1000
-1313, 561, 956
-1701, 600, 1004
-1837, 622, 915
-,-,-
623, 4, 998
623, 4, 998
607, 45, 998
651, 68, 993
731, 127, 1044
731, 127, 1044
1123, 139, 956
1336, 111, 1035
1409, 97, 1033
1508, 95, 992
1431, 156, 1011
1167, 180, 1001
1029, 229, 1023
742, 264, 995
742, 264, 995
347, 329, 853
30, 387, 499
-416, 455, 699
-806, 554, 590
-1220, 562, 754
-1236, 537, 477
-1171, 552, 959
-1171, 552, 959
-1102, 632, 954
-,-,-
251, -10, 1054
457, -6, 968
473, -3, 1044
654, -36, 1028
769, -48, 1034
769, -48, 1034
887, -2, 978
1066, 26, 1030
1017, -2, 911
1061, 19, 1017
995, 34, 947
995, 34, 947
1023, 1, 728
899, 3, 887
713, 46, 885
713, 46, 885
456, 90, 840
443, 121, 400
257, 227, 865
-223, 422, 950
-734, 596, 711
-734, 596, 711
-963, 640, 771
-1012, 568, 947
-1297, 597, 987
-,-,-
308, 58, 1029
505, 47, 997
505, 47, 997
603, 1, 1032
623, -3, 1021
714, -17, 1015
683, 19, 1019
683, 19, 1019
860, 38, 1032
1009, 5, 1018
1103, -10, 1019
1393, -54, 1024
1268, 6, 1047
979, 65, 1003
979, 65, 1003
810, 72, 1051
865, 73, 1000
715, 137, 1068
606, 282, 978
34, 464, 1047
34, 464, 1047
-398, 580, 747
-741, 648, 1067
-1310, 719, 988
-1738, 792, 1049
-1773, 797, 1053
-,-,-
62, -23, 1015
174, 30, 1024
362, 0, 1026
524, -33, 1014
524, -33, 1014
712, -54, 1035
796, -68, 996
462, -84, 929
936, -13, 1038
909, -44, 1041
1104, -77, 1012
1238, -50, 1037
1238, -50, 1037
1219, -38, 1013
1090, -23, 926
995, -9, 1031
880, 4, 754
645, 148, 92
325, 332, 822
325, 332, 822
-12, 481, 973
-501, 634, 591
-1226, 716, 869
-1686, 817, 981
-,-,-
309, 21, 1010
309, 21, 1010
479, 6, 1029
668, 62, 1017
489, 48, 948
162, 4, 849
162, 4, 849
729, 58, 890
477, -14, 906
1269, 47, 994
1501, 34, 1012
1501, 34, 1012
1282, 44, 995
901, 77, 982
654, 142, 984
381, 215, 897
124, 207, 939
124, 207, 939
-252, 361, 348
-942, 493, 993
-1265, 480, 894
-1175, 409, 539
-1310, 436, 1014
-1408, 590, 1055
-1541, 780, 948
-,-,-
318, 31, 1007
496, 17, 1031
496, 17, 1031
511, 110, 1012
520, 137, 1031
734, 175, 1034
934, 182, 1011
720, 227, 925
578, 254, 905
578, 254, 905
1396, 244, 988
1268, 241, 1077
1399, 196, 970
1161, 251, 944
946, 380, 711
583, 490, 1096
246, 602, 945
246, 602, 945
-188, 645, 924
-725, 697, 1008
-1143, 622, 989
-1624, 547, 1035
-1813, 396, 1008
-1643, 310, 1082
-1466, 345, 1075
-1284, 325, 1032
-,-,-
10, 35, 1011
50, 6, 1015
50, 6, 1015
233, 45, 1019
604, 42, 1031
964, 0, 1031
964, 0, 1031
1131, -23, 1028
463, -33, 906
1118, 0, 982
1013, 50, 959
943, 82, 956
943, 82, 956
909, 73, 1022
893, 96, 752
897, 144, 828
677, 206, 914
677, 206, 914
478, 289, 878
342, 373, 714
112, 408, 955
-115, 432, 907
-416, 418, 967
-667, 413, 995
-667, 413, 995
-923, 367, 1053
-1024, 344, 952
-,-,-
-5, 0, 1023
24, -36, 1018
24, -36, 1018
90, 23, 1024
328, 9, 1024
539, -26, 1016
741, -13, 1028
863, 3, 1009
863, 3, 1009
906, -12, 1030
800, -70, 1007
1159, -51, 1013
1112, -61, 1000
1149, -45, 1006
1201, -63, 1046
1125, -2, 970
1125, -2, 970
808, 55, 1032
545, 150, 861
365, 258, 691
289, 378, 999
277, 505, 747
277, 505, 747
-217, 600, 721
-914, 682, 437
-1167, 633, 956
-1314, 543, 1034
-,-,-
281, 30, 1018
545, -5, 1037
901, -50, 1023
1100, -70, 972
1177, -25, 1015
841, -47, 917
1132, 28, 1011
1295, 36, 1037
1295, 36, 1037
1492, 93, 1010
1587, 123, 1044
1439, 217, 1039
1087, 317, 979
420, 488, 868
-239, 653, 1039
-444, 671, 816
-776, 661, 1018
-1159, 672, 975
-1159, 672, 975
-1451, 699, 1020
-1503, 667, 1014
-,-,-
419, 10, 1005
601, 10, 1023
718, 28, 1051
718, 28, 1051
727, 15, 980
315, -16, 1067
831, 26, 1032
506, -44, 958
807, -19, 964
807, -19, 964
1300, 12, 1028
1076, 41, 1034
691, 101, 1032
739, 156, 981
750, 179, 923
750, 179, 923
615, 234, 714
467, 274, 830
211, 350, 810
-219, 429, 965
-859, 501, 969
-1312, 569, 1029
-1402, 560, 1011
-1471, 611, 1091
-1365, 663, 1246
-1363, 804, 1153
-,-,-
302, 13, 1045
480, 12, 975
542, 13, 1051
546, -9, 1021
470, -31, 1092
707, -91, 1005
707, -91, 1005
1165, -40, 1011
555, -43, 858
1189, -10, 1036
1192, 38, 1001
1062, 57, 1003
979, 88, 960
880, 144, 850
880, 144, 850
729, 291, 856
436, 415, 555
-67, 579, 935
-379, 667, 400
-724, 663, -207
-1058, 640, 823
-1058, 640, 823
-1332, 592, 863
-1360, 575, 962
-1750, 664, 981
-,-,-
942, 85, 981
1371, -51, 1007
1432, -16, 995
983, 62, 984
1226, 58, 1002
1226, 58, 1002
1385, 26, 991
1587, 33, 1017
1515, 82, 1013
1374, 180, 1037
1016, 316, 827
535, 498, 696
32, 633, 888
32, 633, 888
-476, 750, 887
-985, 782, 665
-1367, 763, 988
-1602, 719, 920
-1543, 669, 1018
-1349, 625, 1023
-1179, 673, 1105
-,-,-
515, 71, 1014
515, 71, 1014
826, 22, 1028
869, 33, 969
951, 50, 982
1029, 36, 1019
273, -12, 964
273, -12, 964
905, 15, 916
1202, 32, 1007
1104, 79, 937
1140, 95, 993
1140, 95, 993
1003, 160, 944
961, 192, 795
537, 275, 742
-4, 356, 829
-392, 477, 522
-633, 481, 903
-633, 481, 903
-947, 503, 841
-1259, 498, 1002
-1389, 505, 1015
-1364, 498, 968
-1351, 522, 978
-1438, 613, 988
-,-,-
364, 4, 1013
364, 4, 1013
477, -1, 1024
725, -39, 1014
902, -34, 997
939, 2, 1029
939, 2, 1029
666, 6, 962
830, 0, 964
603, -33, 946
603, -33, 946
1246, 0, 1042
1723, 31, 1007
1780, 135, 1032
1370, 273, 919
846, 452, 994
417, 608, 760
417, 608, 760
21, 764, 939
-515, 834, 886
-877, 860, 820
-1485, 864, 975
-1657, 758, 985
-1847, 694, 1137
-1394, 635, 1188
-1440, 740, 974
-,-,-
161, -34, 1026
218, -46, 1022
263, -23, 1024
371, -1, 991
545, 12, 1053
700, 13, 1023
742, 19, 1013
742, 19, 1013
1135, 14, 1025
741, -13, 987
833, 28, 940
1306, 75, 1000
1326, 67, 1038
1326, 67, 1038
1184, 126, 1014
911, 213, 954
835, 279, 1017
613, 363, 779
230, 512, 975
-321, 696, 928
-321, 696, 928
-818, 781, 383
-1116, 769, 754
-1243, 702, 893
-1299, 646, 916
-1582, 612, 1032
-1702, 610, 1111
-1606, 698, 1108
-,-,-
247, 35, 1016
424, 29, 1020
508, 28, 1008
593, 10, 1022
593, 10, 1022
513, -46, 1042
1237, -56, 1021
962, -52, 993
1204, -25, 990
1320, 20, 1042
1158, 110, 1022
1035, 132, 992
1035, 132, 992
995, 214, 979
780, 363, 891
528, 521, 840
89, 650, 953
-340, 761, 765
-340, 761, 765
-900, 739, 943
-1284, 657, 908
-1426, 584, 995
-1655, 549, 1089
-1556, 522, 1200
-1379, 578, 951
-,-,-
389, 26, 1027
389, 26, 1027
401, 19, 1034
449, 20, 1006
469, 33, 1044
455, 42, 997
685, 30, 1021
685, 30, 1021
951, -15, 1014
1218, -71, 1001
1152, -46, 1027
932, 40, 1034
1036, 73, 1033
984, 117, 990
1056, 178, 939
1056, 178, 939
911, 285, 971
721, 444, 675
347, 592, 733
-94, 735, 979
-420, 802, 23
-420, 802, 23
-753, 722, 615
-1294, 653, 815
-1722, 573, 970
-1867, 424, 988
-1585, 373, 892
-1307, 407, 1043
-,-,-
440, -6, 1054
501, -45, 1013
874, 33, 1014
1281, -14, 955
928, 15, 899
928, 15, 899
429, 30, 863
1178, 117, 997
1148, 89, 976
1047, 147, 1026
911, 219, 935
911, 219, 935
971, 306, 633
680, 424, 816
445, 516, 550
-6, 696, 730
-668, 749, 274
-668, 749, 274
-1052, 728, 406
-1423, 609, 827
-1790, 583, 988
-1827, 556, 1015
-,-,-
248, 23, 1048
411, 11, 1012
636, 26, 971
717, 49, 1057
989, 28, 997
989, 28, 997
909, -6, 993
915, 13, 994
943, 60, 961
1202, -11, 1021
1099, -37, 1000
1099, -37, 1000
975, -66, 974
973, -75, 1008
967, 4, 969
976, 161, 859
541, 436, 795
541, 436, 795
16, 670, 962
-315, 803, 1004
-583, 852, 933
-1042, 898, 804
-1317, 903, 948
-1593, 852, 996
-1740, 726, 1026
-1649, 692, 992
-,-,-
461, -17, 1000
603, -93, 1043
817, -43, 1009
833, -9, 1025
833, -9, 1025
353, -41, 772
822, 1, 976
933, 76, 965
1011, 145, 1016
1011, 145, 1016
1040, 198, 1030
850, 241, 928
631, 262, 907
800, 310, 912
709, 350, 863
485, 425, 764
485, 425, 764
244, 449, 1058
-6, 501, 972
-270, 493, 683
-693, 486, 1017
-979, 467, 987
-1429, 497, 1038
-1833, 541, 942
-,-,-
619, 65, 1057
711, 7, 997
697, 10, 955
1306, 6, 1015
1306, 6, 1015
727, 6, 834
1275, 54, 1011
1294, 46, 995
1184, 118, 1007
1007, 196, 1023
866, 239, 940
866, 239, 940
599, 302, 765
284, 431, 952
-292, 558, 955
-674, 658, 994
-938, 684, 994
-1243, 688, 1030
-1589, 693, 1048
-1711, 749, 1082
-,-,-
173, -5, 1033
470, 19, 1019
470, 19, 1019
741, 5, 1003
994, -5, 1014
996, 8, 1008
241, -61, 813
241, -61, 813
268, -57, 930
202, 52, 773
975, 57, 1068
1096, 105, 1006
1005, 136, 935
940, 172, 959
940, 172, 959
755, 218, 845
209, 327, 758
-218, 447, 883
-630, 501, 819
-877, 510, 813
-1009, 442, 951
-1009, 442, 951
-1164, 450, 908
-1372, 536, 1015
-1264, 548, 997
-887, 567, 1031
-,-,-
325, 67, 1013
489, 52, 1024
489, 52, 1024
625, 51, 1019
775, 49, 1030
826, 33, 1016
519, 39, 933
519, 39, 933
495, 45, 993
691, -22, 959
1587, -140, 901
1836, -83, 995
1453, 70, 963
1453, 70, 963
1073, 166, 848
879, 278, 1004
559, 449, 879
90, 671, 892
-686, 848, 963
-945, 816, 923
-945, 816, 923
-1011, 798, 928
-1569, 810, 911
-1793, 771, 969
-1733, 697, 969
-,-,-
425, 71, 1026
712, 31, 1008
947, 4, 995
1156, 5, 977
1156, 5, 977
807, -21, 1047
787, -18, 921
619, -6, 795
1339, 56, 939
1663, 110, 963
1663, 110, 963
1608, 168, 1033
1116, 224, 872
951, 363, 945
475, 562, 721
-103, 812, 889
-920, 936, 1007
-1413, 908, 920
-1761, 789, 1038
-,-,-
15, -2, 1023
202, 39, 1004
347, 67, 1024
625, 93, 1013
625, 93, 1013
921, 85, 1016
1108, 59, 1029
720, 106, 906
469, 69, 1011
491, 117, 824
1509, 32, 961
1509, 32, 961
1684, -21, 1003
1178, -4, 927
863, 87, 875
496, 182, 988
418, 243, 671
418, 243, 671
138, 386, 1011
-481, 566, 1029
-860, 684, -82
-1230, 731, 642
-1439, 732, 1018
-1636, 701, 1000
-1795, 708, 1000
-,-,-
252, 51, 991
425, -44, 1030
756, -29, 1039
925, -73, 1034
925, -73, 1034
787, -73, 812
1035, -41, 996
464, -26, 945
803, 28, 1020
1159, 122, 1015
753, 164, 985
753, 164, 985
732, 163, 978
1084, 205, 969
955, 324, 948
746, 497, 908
34, 725, 910
34, 725, 910
-654, 842, 914
-1056, 796, 1028
-1209, 751, 802
-1101, 728, 988
-1306, 742, 1026
-1756, 758, 998
-,-,-
391, 32, 1009
391, 32, 1009
632, 28, 1027
997, 42, 1034
1182, 28, 1003
1248, 36, 967
880, 27, 924
880, 27, 924
1031, 21, 917
1511, 8, 1015
896, 63, 958
1183, 104, 993
1183, 104, 993
966, 186, 926
636, 255, 827
404, 349, 831
-236, 559, 936
-786, 632, 889
-1186, 577, 891
-1408, 528, 816
-1408, 528, 816
-1673, 559, 1038
-1710, 568, 1021
-,-,-
87, -5, 1009
211, -30, 1039
465, 33, 1030
791, 25, 994
791, 25, 994
1010, 14, 1024
1000, 12, 1048
1249, 37, 970
733, 20, 856
1148, 48, 954
1148, 48, 954
1312, 46, 950
1152, 110, 1027
857, 166, 890
941, 186, 896
909, 271, 1001
909, 271, 1001
577, 405, 668
-83, 611, 969
-456, 666, 600
-765, 660, 369
-1275, 718, 908
-1592, 639, 927
-1482, 592, 966
-1373, 584, 1030
-,-,-
251, 15, 1002
365, 72, 1017
596, 79, 1032
808, 58, 985
661, 40, 979
661, 40, 979
1002, -42, 1006
1014, -107, 947
991, -112, 892
1880, -113, 989
1670, -61, 781
946, 124, 769
441, 312, 846
441, 312, 637
-103, 426, 637
-181, 403, 833
-137, 392, 883
-370, 435, 726
-1143, 610, 533
-1533, 631, 1005
-1735, 622, 973
-1613, 587, 1025
-,-,-
174, 22, 1021
370, 43, 1014
564, 40, 996
719, 14, 1059
918, -41, 1013
918, -41, 1013
587, -100, 763
1136, -44, 987
697, 25, 991
944, 37, 932
941, 43, 997
941, 43, 997
936, 40, 1010
995, 17, 944
803, 91, 843
561, 232, 926
561, 232, 926
288, 347, 468
-36, 460, 806
-288, 586, 896
-418, 581, 812
-608, 474, 905
-620, 432, 1006
-620, 432, 1006
-1139, 547, 909
-,-,-
266, 13, 1023
266, 13, 1023
341, 84, 1003
493, 111, 1039
744, 103, 1025
870, 85, 1028
749, 62, 919
582, 47, 948
582, 47, 948
350, 9, 914
949, 30, 922
1015, -1, 998
1015, -1, 998
899, 3, 982
830, -31, 990
953, -81, 819
994, 6, 841
994, 6, 841
505, 179, 581
-175, 363, 864
-307, 384, 858
-263, 418, 821
-742, 527, 907
-742, 527, 907
-1168, 591, 942
-1200, 652, 841
-1032, 638, 985
-1380, 683, 973
-1625, 678, 1023
-,-,-
257, 22, 1014
257, 22, 1014
371, 53, 1014
612, 45, 1042
852, 12, 1023
965, -37, 1009
416, -64, 924
416, -64, 924
1420, -19, 1022
1118, 35, 988
1277, 129, 932
1096, 205, 1021
803, 234, 921
867, 281, 871
867, 281, 871
798, 365, 853
494, 467, 629
69, 532, 821
-598, 640, 1018
-836, 629, -156
-1333, 626, 640
-1767, 643, 1028
-1735, 612, 974
-1735, 612, 974
-,-,-
143, 6, 929
143, 6, 929
456, 134, 252
665, 77, 1030
1066, 93, 989
1172, 79, 1032
760, -2, 1188
760, -2, 1188
316, -50, 910
731, -52, 887
1375, 12, 1030
1355, 53, 990
1196, 72, 988
1196, 72, 988
1011, 162, 894
615, 324, 754
93, 494, 765
-436, 661, 996
-818, 693, 737
-1095, 708, 709
-1095, 708, 709
-1193, 698, 951
-1382, 763, 1008
-,-,-
130, -13, 1098
463, 46, 927
741, 98, 1048
741, 98, 1048
1154, 68, 1008
1203, 52, 971
1321, 98, 989
1007, 110, 1010
351, 72, 859
351, 72, 859
1295, 76, 1028
860, 75, 1039
976, 102, 987
871, 160, 972
582, 253, 849
582, 253, 849
254, 379, 910
-576, 614, 1004
-986, 672, 896
-1375, 713, 918
-1636, 756, 1111
-,-,-
73, 21, 1019
240, -38, 1021
381, 42, 1022
833, 33, 1042
833, 33, 1042
1115, -1, 1006
907, 7, 971
843, -28, 990
529, -109, 928
1192, -128, 869
1759, -65, 1035
1759, -65, 1035
1431, 60, 1034
1140, 140, 1007
977, 204, 937
620, 416, 835
-221, 683, 836
-451, 787, 904
-479, 814, 327
-1316, 978, 982
-1316, 978, 982
-,-,-
99, -80, 852
282, 14, 1027
519, 60, 1010
846, 72, 1034
718, 24, 925
718, 24, 925
224, -81, 973
561, -27, 856
676, -23, 909
1123, -27, 1034
1120, -6, 1023
1236, 20, 1017
1236, 20, 1017
1157, 46, 1015
1184, 85, 1017
829, 232, 1025
236, 430, 1040
-401, 652, 970
-724, 749, 491
-1224, 808, 485
-1448, 833, 807
-1455, 769, 840
-1455, 769, 840
-,-,-
223, 60, 1029
579, 25, 1013
972, -35, 1013
1201, -82, 1032
1140, -79, 1007
1127, -84, 992
1127, -84, 992
1114, -60, 1029
1253, -43, 1010
1235, 5, 1033
1200, 58, 999
1144, 100, 1020
1102, 180, 1006
889, 299, 940
597, 435, 890
597, 435, 890
85, 650, 953
-663, 878, 472
-1374, 924, 218
-1769, 926, 925
-1778, 799, 861
-,-,-
141, 28, 919
141, 28, 919
337, 88, 997
697, 134, 1008
1031, 144, 1008
1179, 110, 1032
511, 50, 803
511, 50, 803
671, 67, 833
423, 32, 1008
1007, 51, 976
1134, 30, 978
1134, 30, 978
968, 37, 1026
789, 63, 931
540, 115, 925
436, 167, 966
191, 288, 957
191, 288, 957
-272, 467, 472
-602, 501, 589
-779, 551, 640
-1163, 660, 783
-1654, 753, 1044
-,-,-
210, 70, 1011
391, 101, 1017
621, 82, 1045
621, 82, 1045
814, 65, 989
806, 36, 1005
306, -86, 910
1232, -83, 950
1244, -92, 958
1244, -92, 958
1500, -60, 1031
1452, 2, 1016
1269, 57, 1003
943, 138, 917
677, 211, 1003
513, 248, 600
513, 248, 600
219, 382, 1019
-87, 553, 882
-504, 728, 893
-1271, 910, 909
-1828, 951, 1016
-,-,-
487, 10, 987
826, -59, 1031
954, -50, 1014
1101, -46, 987
1103, -52, 1023
1094, -46, 1027
1094, -46, 1027
1180, -65, 1011
1326, -80, 1032
1321, -15, 956
1182, 79, 1004
1062, 194, 1034
967, 331, 913
638, 538, 930
250, 692, 844
250, 692, 844
-282, 887, 431
-837, 943, 312
-1286, 939, 587
-1501, 887, 975
-,-,-
562, -26, 1007
562, -26, 1007
771, -39, 1011
900, -61, 1015
954, -57, 1014
1101, -47, 1023
957, -6, 919
1063, -14, 999
1050, -8, 991
1050, -8, 991
1074, 19, 933
1113, 76, 977
994, 144, 936
903, 240, 788
712, 399, 454
712, 399, 454
376, 530, 956
-373, 745, 791
-948, 785, 775
-1190, 725, 1012
-1381, 713, 991
-1486, 709, 1003
-,-,-
271, 39, 1040
478, 54, 1029
573, 68, 1002
724, 74, 1025
724, 74, 1025
894, 51, 1001
1132, 4, 1020
1299, -12, 981
1229, 59, 964
1239, 68, 1005
1269, 56, 1010
1269, 56, 1010
1252, 63, 953
1315, 121, 898
1110, 275, 743
835, 467, 873
404, 640, 834
-114, 788, 982
-114, 788, 982
-783, 998, 795
-1277, 923, 780
-1456, 871, 824
-1507, 812, 980
-,-,-
157, 12, 1043
387, 32, 985
656, -21, 998
656, -21, 998
885, -44, 1034
974, 15, 1010
1139, 51, 1018
884, 56, 979
1237, 53, 1019
1429, 53, 1008
1429, 53, 1008
1444, 44, 1034
1235, 106, 1024
1065, 162, 1041
959, 233, 1000
1034, 346, 1049
837, 495, 489
300, 780, 879
-771, 1032, 250
-1481, 1001, 764
-1728, 877, 844
-1728, 877, 844
-1877, 808, 858
-1901, 820, 1016
-,-,-
414, 69, 1025
583, 61, 1008
708, 54, 1046
873, 37, 998
734, 11, 1014
734, 11, 1014
953, -18, 1006
437, -72, 959
864, -69, 946
1070, -82, 1015
1090, -24, 987
1176, 44, 1018
1176, 44, 1018
1330, 87, 970
1024, 191, 1042
714, 341, 701
449, 501, 982
-228, 724, 881
-1012, 759, 751
-1498, 739, 945
-1498, 739, 945
-1763, 714, 998
-,-,-
97, 33, 993
242, 115, 1042
544, 83, 1011
544, 83, 1011
872, 59, 1027
1118, 45, 1030
1305, -4, 1012
1491, -41, 1011
1433, -8, 970
1210, 79, 1031
1210, 79, 1031
1046, 116, 1009
943, 167, 1001
946, 195, 1011
748, 238, 804
402, 272, 770
117, 297, 515
-27, 355, 925
-27, 355, 925
86, 366, 476
-420, 512, 680
-1128, 578, 1002
-1426, 574, 996
-1430, 571, 965
-1547, 605, 995
-1677, 691, 1178
-,-,-
555, -30, 1028
657, -33, 1005
818, -27, 984
1394, -31, 994
1266, -5, 982
1125, -17, 1006
1125, -17, 1006
1666, -2, 963
1497, 120, 996
1378, 203, 857
1206, 374, 903
773, 624, 888
119, 821, 916
-487, 934, 840
-487, 934, 840
-787, 932, 996
-1062, 947, 864
-1522, 935, 619
-1646, 881, 1046
-1525, 802, 972
-,-,-
912, 10, 976
912, 10, 976
970, -7, 1018
994, -16, 1050
1114, -20, 973
963, -16, 955
1097, 11, 975
994, 20, 1033
994, 20, 1033
887, 45, 968
840, 34, 900
884, 60, 964
884, 60, 573
714, 141, 573
323, 205, 600
-32, 313, 995
-90, 441, 855
-23, 541, 542
-23, 541, 542
-525, 748, 925
-1336, 966, 956
-1791, 1006, 1043
-,-,-
112, 57, 992
303, 48, 994
403, 15, 1032
497, 14, 1024
559, 8, 1014
559, 8, 1014
700, -3, 1030
830, -31, 1023
969, -40, 1004
892, -55, 1016
888, -76, 978
888, -76, 978
935, -86, 1051
1104, -85, 1021
1160, -54, 1022
990, 73, 1008
784, 250, 994
498, 413, 781
103, 541, 902
103, 541, 902
-360, 672, 1019
-578, 649, 820
-807, 595, 974
-1263, 617, 991
-1701, 562, 975
-1660, 437, 1007
-1476, 438, 963
-,-,-
471, 58, 997
634, 48, 1024
933, 3, 1039
933, 3, 1039
1056, -33, 999
856, -18, 974
1124, -2, 964
1257, 18, 1016
1328, 35, 996
1328, 35, 996
1234, 101, 961
1041, 183, 1006
1039, 246, 829
834, 393, 721
536, 520, 506
176, 626, 928
176, 626, 928
-488, 815, 666
-1067, 820, 763
-1215, 730, 950
-1353, 710, 997
-1636, 690, 1020
-1901, 675, 911
-,-,-
214, -5, 1034
214, -5, 1034
371, -10, 1003
524, -19, 1027
656, -22, 1032
759, -18, 1000
160, -78, 927
929, -19, 881
929, -19, 881
1124, -17, 1023
1417, 4, 989
1440, 57, 957
1408, 119, 897
1373, 242, 922
1328, 377, 779
1328, 377, 779
1175, 520, 812
682, 729, 489
-5, 959, 795
-817, 1037, 239
-1475, 1104, 852
-1960, 1066, 1012
-1962, 903, 996
-,-,-
333, 2, 1005
512, 14, 1039
477, 23, 1015
477, 23, 1015
344, 27, 1023
334, -15, 1013
574, -27, 1023
888, -46, 973
1149, -37, 1003
1069, -20, 993
1069, -20, 993
1161, -2, 1041
1079, 6, 1007
1054, 29, 1031
960, 78, 961
822, 193, 998
607, 308, 957
607, 308, 957
436, 413, 590
164, 513, 866
-292, 618, 923
-578, 652, 963
-858, 674, 929
-858, 674, 929
-1212, 673, 943
-,-,-
22, 4, 1209
247, 50, 1018
247, 50, 1018
546, -10, 999
801, 12, 1034
868, 24, 1025
981, -2, 1021
1005, -31, 1012
1005, -31, 1012
952, 3, 953
876, 28, 991
1191, -26, 987
1047, -27, 1026
806, 22, 1009
1052, 70, 928
1052, 70, 928
1109, 134, 952
783, 271, 767
595, 413, 906
70, 662, 882
-646, 888, 74
-646, 888, 74
-1108, 895, 598
-1547, 939, 928
-,-,-
93, -33, 714
173, 38, 982
173, 38, 1032
227, 48, 1032
493, 56, 1014
646, 82, 1020
881, 81, 1020
1102, 31, 1037
1205, -1, 1007
1205, -1, 1007
1321, -44, 1020
1277, -6, 995
1268, 35, 1041
1151, 47, 1008
1146, 70, 958
1053, 146, 985
555, 321, 764
555, 321, 764
64, 445, 706
-170, 469, 922
-547, 539, 923
-988, 569, 901
-957, 548, 972
-694, 555, 1048
-694, 555, 1048
-1039, 653, 986
-1480, 724, 1032
-,-,-
138, -20, 1040
307, 11, 1010
628, 47, 1019
1029, 61, 1015
1369, 50, 1008
1057, 102, 1040
1057, 102, 1040
923, 108, 950
1462, 128, 1007
1507, 146, 977
1587, 170, 1036
1315, 210, 971
1246, 302, 1000
909, 491, 984
168, 692, 839
168, 692, 839
-344, 818, 955
-950, 888, 1021
-1772, 975, 1021
-1966, 998, 1113
-,-,-
140, 2, 1028
360, 62, 996
360, 62, 996
606, 51, 1032
925, 39, 1004
1162, 27, 1000
1239, 30, 1023
1362, 5, 977
1362, 5, 977
1194, 38, 996
1369, 65, 983
1049, 72, 1020
841, 60, 867
841, 60, 867
1151, 72, 910
1273, 196, 860
891, 423, 829
187, 595, 625
-383, 717, 983
-383, 717, 983
-699, 725, -94
-1003, 756, 790
-1644, 829, 824
-1847, 832, 875
-,-,-
295, -25, 1032
510, -33, 1014
615, -38, 996
616, -45, 1034
701, -53, 977
549, -37, 995
485, -36, 973
485, -36, 973
726, -43, 967
832, -83, 1032
868, -73, 993
1007, -31, 996
1089, -17, 938
1089, -17, 938
1178, 62, 989
1011, 180, 1002
833, 293, 939
717, 402, 869
592, 454, 943
246, 524, 990
246, 524, 990
-456, 602, 967
-,-,-
231, -43, 1017
386, -62, 1002
386, -62, 1002
563, -76, 1009
919, -90, 1045
1165, -88, 976
1174, 28, 1014
1390, 121, 963
1751, 170, 1003
1734, 289, 898
1591, 363, 884
1591, 363, 884
1429, 457, 894
1134, 628, 966
548, 818, 425
-273, 1015, 892
-571, 982, 283
-1199, 990, 571
-1722, 955, 1011
-,-,-
326, -24, 985
326, -24, 985
378, -16, 1034
467, -41, 1013
566, -34, 1018
680, -38, 1004
705, 14, 1035
731, -22, 983
731, -22, 983
1009, -52, 883
1536, -114, 1045
1568, -73, 1014
1204, 16, 994
845, 110, 968
794, 173, 986
1016, 181, 868
1016, 181, 868
917, 287, 623
391, 483, 930
-155, 657, 1048
-614, 726, 909
-1106, 749, 996
-1066, 716, 996
-1235, 813, 1070
-,-,-
-33, -14, 1041
36, -67, 999
46, -33, 1018
265, 58, 1025
265, 58, 1025
667, 129, 1022
1213, 98, 925
372, -52, 952
208, -72, 790
1091, -111, 898
1522, -81, 1047
1539, 27, 1014
1539, 27, 1014
1321, 158, 884
1196, 321, 871
777, 462, 952
93, 635, 494
-479, 776, 952
-767, 919, 210
-767, 919, 210
-1035, 1093, 524
-1592, 1211, 449
